rank,avg_t,tot_l,time1,time2,time3,time4,time5,time6,time7,elapsed_t,max_t,com_init_t,barrier_t
0,261.34705543518066,14,0.0018391609191894531,1.239776611328125e-05,4.029273986816406e-05,0.0002932548522949219,0.004999637603759766,0.024669408798217773,0.22855067253112793,30.66730499267578,522.6941108703613,4579.860687255859,1.0149478912353516
1,259.9930763244629,14,4.029273986816406e-05,8.106231689453125e-06,3.24249267578125e-05,0.000240325927734375,0.0029823780059814453,0.02489924430847168,0.2316420078277588,0.4012584686279297,522.6941108703613,4579.860687255859,0.12683868408203125
2,258.6023807525635,14,5.793571472167969e-05,9.775161743164062e-06,4.1961669921875e-05,0.0002918243408203125,0.0029764175415039062,0.024758577346801758,0.23038983345031738,0.22864341735839844,522.6941108703613,4579.860687255859,0.07534027099609375
3,257.7245235443115,14,3.7670135498046875e-05,6.9141387939453125e-06,2.6464462280273438e-05,0.00023627281188964844,0.002985239028930664,0.024792194366455078,0.2295546531677246,0.23365020751953125,522.6941108703613,4579.860687255859,0.06866455078125
4,258.2695484161377,14,3.5762786865234375e-05,6.9141387939453125e-06,2.7418136596679688e-05,0.00023436546325683594,0.00299072265625,0.0248410701751709,0.23004388809204102,0.24080276489257812,522.6941108703613,4579.860687255859,0.072479248046875
5,258.3491802215576,14,3.3855438232421875e-05,7.62939453125e-06,2.6941299438476562e-05,0.00023555755615234375,0.002980947494506836,0.024803638458251953,0.2301771640777588,0.27680397033691406,522.6941108703613,4579.860687255859,0.08344650268554688
6,258.60369205474854,14,3.981590270996094e-05,7.867813110351562e-06,3.0994415283203125e-05,0.00023937225341796875,0.0029761791229248047,0.024736404418945312,0.23048877716064453,0.29349327087402344,522.6941108703613,4579.860687255859,0.07152557373046875
7,257.97438621520996,14,3.504753112792969e-05,7.867813110351562e-06,2.574920654296875e-05,0.0002338886260986328,0.002973318099975586,0.024817228317260742,0.22979426383972168,0.22864341735839844,522.6941108703613,4579.860687255859,0.07081031799316406
8,257.9843997955322,14,3.647804260253906e-05,7.867813110351562e-06,2.574920654296875e-05,0.0002377033233642578,0.0029859542846679688,0.02477884292602539,0.22983264923095703,0.19931793212890625,522.6941108703613,4579.860687255859,0.0820159912109375
9,258.44264030456543,14,3.8623809814453125e-05,7.867813110351562e-06,2.5987625122070312e-05,0.000240325927734375,0.0029840469360351562,0.02476334571838379,0.2302558422088623,0.4241466522216797,522.6941108703613,4579.860687255859,0.12683868408203125
