rank,avg_t,tot_l,time1,time2,time3,time4,time5,time6,time7,elapsed_t,max_t,com_init_t,barrier_t
0,271.52371406555176,14,0.0018160343170166016,1.1920928955078125e-05,3.814697265625e-05,0.00029468536376953125,0.005008697509765625,0.02555084228515625,0.22941303253173828,29.400110244750977,543.0474281311035,5068.922758102417,9.503841400146484
1,268.80693435668945,14,4.100799560546875e-05,8.106231689453125e-06,3.218650817871094e-05,0.00023794174194335938,0.0029447078704833984,0.02404165267944336,0.2323744297027588,0.3657341003417969,543.0474281311035,5068.922758102417,9.192943572998047
2,266.73710346221924,14,4.363059997558594e-05,9.5367431640625e-06,4.172325134277344e-05,0.0002942085266113281,0.002969026565551758,0.02408456802368164,0.23009777069091797,0.2803802490234375,543.0474281311035,5068.922758102417,9.224653244018555
3,267.7884101867676,14,3.981590270996094e-05,7.867813110351562e-06,2.6226043701171875e-05,0.00023698806762695312,0.0029582977294921875,0.02381420135498047,0.23011422157287598,0.2288818359375,543.0474281311035,5068.922758102417,10.61105728149414
4,267.69912242889404,14,4.0531158447265625e-05,7.152557373046875e-06,2.6464462280273438e-05,0.00023794174194335938,0.002958536148071289,0.024003267288208008,0.23005962371826172,0.2391338348388672,543.0474281311035,5068.922758102417,10.386228561401367
5,268.5905694961548,14,4.029273986816406e-05,8.106231689453125e-06,2.5987625122070312e-05,0.00023603439331054688,0.002960681915283203,0.024040699005126953,0.23018479347229004,0.27060508728027344,543.0474281311035,5068.922758102417,11.115789413452148
6,268.6058282852173,14,3.62396240234375e-05,7.867813110351562e-06,3.075599670410156e-05,0.00023627281188964844,0.002954244613647461,0.02412557601928711,0.22992396354675293,0.2315044403076172,543.0474281311035,5068.922758102417,11.362075805664062
7,266.4358615875244,14,3.838539123535156e-05,7.62939453125e-06,2.6226043701171875e-05,0.0002377033233642578,0.0029571056365966797,0.024155616760253906,0.22983646392822266,0.2453327178955078,543.0474281311035,5068.922758102417,9.190082550048828
8,270.59412002563477,14,4.458427429199219e-05,7.867813110351562e-06,2.5510787963867188e-05,0.00023794174194335938,0.0029582977294921875,0.023924827575683594,0.23236727714538574,0.23126602172851562,543.0474281311035,5068.922758102417,11.051416397094727
9,267.0022249221802,14,4.1484832763671875e-05,8.344650268554688e-06,2.6226043701171875e-05,0.00024175643920898438,0.0029647350311279297,0.024147510528564453,0.2309572696685791,0.2219676971435547,543.0474281311035,5068.922758102417,8.633613586425781
