rank,avg_t,tot_l,time1,time2,time3,time4,time5,time6,time7,elapsed_t,max_t,com_init_t,barrier_t
0,264.3895149230957,14,0.001867055892944336,1.3589859008789062e-05,3.743171691894531e-05,0.00029778480529785156,0.004973649978637695,0.02453923225402832,0.23004460334777832,34.30795669555664,528.7790298461914,4911.309242248535,2.6471614837646484
1,261.31343841552734,14,4.267692565917969e-05,8.106231689453125e-06,3.1948089599609375e-05,0.00023794174194335938,0.0029594898223876953,0.02473306655883789,0.23151254653930664,0.37670135498046875,528.7790298461914,4911.309242248535,1.7955303192138672
2,258.9763402938843,14,6.365776062011719e-05,1.049041748046875e-05,4.1484832763671875e-05,0.0002944469451904297,0.002836465835571289,0.024398326873779297,0.2295243740081787,0.22220611572265625,528.7790298461914,4911.309242248535,1.836538314819336
3,258.6710453033447,14,4.100799560546875e-05,7.3909759521484375e-06,3.24249267578125e-05,0.00024175643920898438,0.002970457077026367,0.024619102478027344,0.22929143905639648,0.2040863037109375,528.7790298461914,4911.309242248535,1.4836788177490234
4,258.5855722427368,14,4.029273986816406e-05,7.62939453125e-06,2.6941299438476562e-05,0.0002338886260986328,0.002858400344848633,0.024384498596191406,0.22971582412719727,0.19788742065429688,528.7790298461914,4911.309242248535,1.3327598571777344
5,259.17327404022217,14,3.910064697265625e-05,8.344650268554688e-06,2.574920654296875e-05,0.00024247169494628906,0.002946615219116211,0.024333953857421875,0.2292189598083496,0.19860267639160156,528.7790298461914,4911.309242248535,2.373933792114258
6,258.50415229797363,14,3.719329833984375e-05,7.867813110351562e-06,2.5987625122070312e-05,0.0002391338348388672,0.002970457077026367,0.024353742599487305,0.2297375202178955,0.19669532775878906,528.7790298461914,4911.309242248535,1.1491775512695312
7,258.6017847061157,14,3.743171691894531e-05,7.62939453125e-06,2.574920654296875e-05,0.00024390220642089844,0.0029091835021972656,0.024357318878173828,0.2293844223022461,0.2522468566894531,528.7790298461914,4911.309242248535,1.649618148803711
8,258.634090423584,14,3.814697265625e-05,7.62939453125e-06,2.574920654296875e-05,0.00024580955505371094,0.0029697418212890625,0.024537324905395508,0.22960853576660156,0.18739700317382812,528.7790298461914,4911.309242248535,1.2199878692626953
9,259.98759269714355,14,3.695487976074219e-05,8.344650268554688e-06,2.5510787963867188e-05,0.00023221969604492188,0.0028502941131591797,0.02442145347595215,0.23001718521118164,0.3731250762939453,528.7790298461914,4911.309242248535,2.407550811767578
