rank,avg_t,tot_l,time1,time2,time3,time4,time5,time6,time7,elapsed_t,max_t,com_init_t,barrier_t
0,263.7772560119629,14,0.0018362998962402344,1.1920928955078125e-05,3.9577484130859375e-05,0.00029349327087402344,0.0049970149993896484,0.02547597885131836,0.2291102409362793,32.642364501953125,527.5545120239258,4453.415632247925,2.0949840545654297
1,260.29229164123535,14,4.1484832763671875e-05,8.344650268554688e-06,3.218650817871094e-05,0.00023794174194335938,0.0029680728912353516,0.02405238151550293,0.23227643966674805,0.3597736358642578,527.5545120239258,4453.415632247925,0.6856918334960938
2,258.09383392333984,14,6.008148193359375e-05,1.0251998901367188e-05,4.124641418457031e-05,0.00029969215393066406,0.002966165542602539,0.02420520782470703,0.23043513298034668,0.2224445343017578,527.5545120239258,4453.415632247925,0.07486343383789062
3,258.3427429199219,14,4.673004150390625e-05,7.3909759521484375e-06,2.5987625122070312e-05,0.0002334117889404297,0.0029838085174560547,0.02405405044555664,0.22998499870300293,0.20003318786621094,527.5545120239258,4453.415632247925,1.0213851928710938
4,257.590651512146,14,3.719329833984375e-05,7.3909759521484375e-06,2.6464462280273438e-05,0.00023221969604492188,0.0029757022857666016,0.024278640747070312,0.22841644287109375,0.1976490020751953,527.5545120239258,4453.415632247925,1.6360282897949219
5,257.7793598175049,14,3.790855407714844e-05,7.62939453125e-06,2.5987625122070312e-05,0.00023484230041503906,0.002954721450805664,0.023864269256591797,0.23025226593017578,0.1971721649169922,527.5545120239258,4453.415632247925,0.4172325134277344
6,257.7706575393677,14,3.4809112548828125e-05,7.62939453125e-06,2.5510787963867188e-05,0.0002346038818359375,0.0029478073120117188,0.024198055267333984,0.2283179759979248,0.19812583923339844,527.5545120239258,4453.415632247925,2.014636993408203
7,256.85346126556396,14,3.838539123535156e-05,7.867813110351562e-06,2.5510787963867188e-05,0.00023412704467773438,0.0028760433197021484,0.02380061149597168,0.2284698486328125,0.2002716064453125,527.5545120239258,4453.415632247925,1.417398452758789
8,256.8013668060303,14,3.719329833984375e-05,7.3909759521484375e-06,2.6464462280273438e-05,0.00023984909057617188,0.002989530563354492,0.023844242095947266,0.22951006889343262,0.19931793212890625,527.5545120239258,4453.415632247925,0.1652240753173828
9,258.84103775024414,14,3.9577484130859375e-05,7.62939453125e-06,2.5510787963867188e-05,0.00024199485778808594,0.003003358840942383,0.023990869522094727,0.22911643981933594,0.37360191345214844,527.5545120239258,4453.415632247925,2.4242401123046875
