scaling,world,rows,max_value,rank,avg_t,tot_l,elapsed_t,max_t,com_init_t,barrier_t
w,32,9100000,291200000,0,2627.764657139778,323532114,4.567146301269531,84088.4690284729,1201.6193866729736,87.98742294311523
w,32,9100000,291200000,1,2572.046183049679,323532114,0.7696151733398438,84088.4690284729,1201.6193866729736,254.77075576782227
w,32,9100000,291200000,2,2391.6804641485214,323532114,1.0688304901123047,84088.4690284729,1201.6193866729736,51.67341232299805
w,32,9100000,291200000,3,2390.869528055191,323532114,0.8013248443603516,84088.4690284729,1201.6193866729736,73.2424259185791
w,32,9100000,291200000,4,2400.756686925888,323532114,0.9164810180664062,84088.4690284729,1201.6193866729736,180.5872917175293
w,32,9100000,291200000,5,2384.6938610076904,323532114,0.9248256683349609,84088.4690284729,1201.6193866729736,183.91084671020508
w,32,9100000,291200000,6,2414.656601846218,323532114,0.9548664093017578,84088.4690284729,1201.6193866729736,96.77410125732422
w,32,9100000,291200000,7,2416.4047613739967,323532114,0.8919239044189453,84088.4690284729,1201.6193866729736,96.94314002990723
w,32,9100000,291200000,8,2365.7098561525345,323532114,0.8192062377929688,84088.4690284729,1201.6193866729736,85.47663688659668
w,32,9100000,291200000,9,2402.2147804498672,323532114,0.8881092071533203,84088.4690284729,1201.6193866729736,89.27369117736816
