scaling,world,rows,max_value,rank,avg_t,tot_l,elapsed_t,max_t,com_init_t,barrier_t
w,64,9100000,582400000,0,3274.335701018572,647102085,4.750490188598633,209557.4848651886,8350.854635238647,369.74215507507324
w,64,9100000,582400000,1,3700.96343010664,647102085,1.2073516845703125,236861.65952682495,8350.854635238647,800.7717132568359
w,64,9100000,582400000,2,3837.492898106575,647102085,1.3265609741210938,245599.5454788208,8350.854635238647,822.6990699768066
w,64,9100000,582400000,3,2838.798698037863,647102085,1.1668205261230469,245599.5454788208,8350.854635238647,152.17924118041992
w,64,9100000,582400000,4,4109.877336770296,647102085,1.0752677917480469,263032.14955329895,8350.854635238647,567.573070526123
w,64,9100000,582400000,5,3815.2903728187084,647102085,1.1167526245117188,263032.14955329895,8350.854635238647,165.20333290100098
w,64,9100000,582400000,6,4155.03017604351,647102085,316.8964385986328,265921.93126678467,8350.854635238647,117.65122413635254
w,64,9100000,582400000,7,3722.098581492901,647102085,1.0082721710205078,265921.93126678467,8350.854635238647,142.78292655944824
w,64,9100000,582400000,8,3877.0658783614635,647102085,1.1835098266601562,265921.93126678467,8350.854635238647,198.4856128692627
w,64,9100000,582400000,9,3771.5697921812534,647102085,1.0900497436523438,265921.93126678467,8350.854635238647,90.66534042358398
