scaling,world,rows,max_value,rank,avg_t,tot_l,elapsed_t,max_t,com_init_t,barrier_t
w,32,9100000,291200000,0,2910.2797731757164,323532114,4.657745361328125,93128.95274162292,1314.5768642425537,219.4979190826416
w,32,9100000,291200000,1,2818.142890930176,323532114,0.9403228759765625,93128.95274162292,1314.5768642425537,206.10666275024414
w,32,9100000,291200000,2,2714.0751630067825,323532114,1.1882781982421875,93128.95274162292,1314.5768642425537,163.15627098083496
w,32,9100000,291200000,3,2274.9100998044014,323532114,0.8060932159423828,93128.95274162292,1314.5768642425537,28.99932861328125
w,32,9100000,291200000,4,2280.2890464663506,323532114,1.0144710540771484,93128.95274162292,1314.5768642425537,38.01560401916504
w,32,9100000,291200000,5,3447.0260217785835,323532114,1.0805130004882812,110304.83269691467,1314.5768642425537,1054.8555850982666
w,32,9100000,291200000,6,2432.9402074217796,323532114,1.5528202056884766,110304.83269691467,1314.5768642425537,60.76478958129883
w,32,9100000,291200000,7,2450.6069645285606,323532114,1.0390281677246094,110304.83269691467,1314.5768642425537,7.512569427490234
w,32,9100000,291200000,8,2849.926397204399,323532114,0.9617805480957031,110304.83269691467,1314.5768642425537,120.52130699157715
w,32,9100000,291200000,9,2615.1461005210876,323532114,0.8161067962646484,110304.83269691467,1314.5768642425537,29.118061065673828
