scaling,world,rows,max_value,rank,avg_t,tot_l,elapsed_t,max_t,com_init_t,barrier_t
w,32,9100000,291200000,0,2568.833887577057,323532114,4.2934417724609375,82202.68440246582,1362.1759414672852,64.94688987731934
w,32,9100000,291200000,1,2391.811527311802,323532114,0.7882118225097656,82202.68440246582,1362.1759414672852,69.28801536560059
w,32,9100000,291200000,2,2371.5047612786293,323532114,0.8749961853027344,82202.68440246582,1362.1759414672852,53.88140678405762
w,32,9100000,291200000,3,2362.330339848995,323532114,0.9276866912841797,82202.68440246582,1362.1759414672852,31.023740768432617
w,32,9100000,291200000,4,2391.0228684544563,323532114,1.0182857513427734,82202.68440246582,1362.1759414672852,44.98124122619629
w,32,9100000,291200000,5,2383.1557035446167,323532114,0.881195068359375,82202.68440246582,1362.1759414672852,86.07149124145508
w,32,9100000,291200000,6,2336.860202252865,323532114,1.0197162628173828,82202.68440246582,1362.1759414672852,37.7345085144043
w,32,9100000,291200000,7,2343.291327357292,323532114,0.8273124694824219,82202.68440246582,1362.1759414672852,112.64705657958984
w,32,9100000,291200000,8,2378.856413066387,323532114,0.9946823120117188,82202.68440246582,1362.1759414672852,164.66951370239258
w,32,9100000,291200000,9,2610.4724779725075,323532114,1.0657310485839844,83535.11929512024,1362.1759414672852,307.38258361816406
