scaling,world,rows,max_value,rank,avg_t,tot_l,elapsed_t,max_t,com_init_t,barrier_t
w,64,9100000,582400000,0,3151.699673384428,647102085,4.545450210571289,201708.7790966034,14959.259748458862,571.0020065307617
w,64,9100000,582400000,1,2847.6603254675865,647102085,1.1370182037353516,201708.7790966034,14959.259748458862,157.56916999816895
w,64,9100000,582400000,2,4082.729611545801,647102085,0.8683204650878906,261294.69513893127,14959.259748458862,151.5638828277588
w,64,9100000,582400000,3,3701.345942914486,647102085,1.1210441589355469,261294.69513893127,14959.259748458862,130.4190158843994
w,64,9100000,582400000,4,3615.975733846426,647102085,0.95367431640625,261294.69513893127,14959.259748458862,119.00734901428223
w,64,9100000,582400000,5,3002.641122788191,647102085,0.9343624114990234,261294.69513893127,14959.259748458862,149.84130859375
w,64,9100000,582400000,6,3694.935444742441,647102085,0.8530616760253906,261294.69513893127,14959.259748458862,138.49759101867676
w,64,9100000,582400000,7,3678.132548928261,647102085,0.9646415710449219,261294.69513893127,14959.259748458862,164.67952728271484
w,64,9100000,582400000,8,4028.582166880369,647102085,0.8757114410400391,261294.69513893127,14959.259748458862,126.27744674682617
w,64,9100000,582400000,9,4024.265680462122,647102085,0.9045600891113281,261294.69513893127,14959.259748458862,166.00966453552246
