scaling,world,rows,max_value,rank,avg_t,tot_l,elapsed_t,max_t,com_init_t,barrier_t
w,32,9100000,291200000,0,2575.425922870636,323532114,4.557371139526367,82413.62953186035,1298.9234924316406,66.67494773864746
w,32,9100000,291200000,1,2425.4183024168015,323532114,0.9930133819580078,82413.62953186035,1298.9234924316406,108.57391357421875
w,32,9100000,291200000,2,2399.987779557705,323532114,1.0404586791992188,82413.62953186035,1298.9234924316406,77.0411491394043
w,32,9100000,291200000,3,2367.3672303557396,323532114,0.9360313415527344,82413.62953186035,1298.9234924316406,126.24096870422363
w,32,9100000,291200000,4,2350.2756357192993,323532114,0.7436275482177734,82413.62953186035,1298.9234924316406,153.4876823425293
w,32,9100000,291200000,5,2396.0772678256035,323532114,0.9071826934814453,82413.62953186035,1298.9234924316406,102.32114791870117
w,32,9100000,291200000,6,2542.4360409379005,323532114,0.9367465972900391,82413.62953186035,1298.9234924316406,205.58643341064453
w,32,9100000,291200000,7,2377.835161983967,323532114,0.9136199951171875,82413.62953186035,1298.9234924316406,60.7762336730957
w,32,9100000,291200000,8,2348.4570756554604,323532114,0.8511543273925781,82413.62953186035,1298.9234924316406,19.227266311645508
w,32,9100000,291200000,9,2509.540021419525,323532114,1.0483264923095703,82413.62953186035,1298.9234924316406,1.3926029205322266
