scaling,world,rows,max_value,rank,avg_t,tot_l,elapsed_t,max_t,com_init_t,barrier_t
w,64,9100000,582400000,0,3419.019564986229,647102085,4.791259765625,218817.25215911865,8587.482690811157,251.10912322998047
w,64,9100000,582400000,1,3712.4450653791428,647102085,2.8848648071289062,237596.48418426514,8587.482690811157,154.94132041931152
w,64,9100000,582400000,2,4194.340541958809,647102085,1.7957687377929688,268437.79468536377,8587.482690811157,603.8258075714111
w,64,9100000,582400000,3,2937.231421470642,647102085,2.2559165954589844,268437.79468536377,8587.482690811157,211.79890632629395
w,64,9100000,582400000,4,3606.9562807679176,647102085,1.7583370208740234,268437.79468536377,8587.482690811157,55.516958236694336
w,64,9100000,582400000,5,3712.156280875206,647102085,1.8084049224853516,268437.79468536377,8587.482690811157,129.9736499786377
w,64,9100000,582400000,6,3690.1619359850883,647102085,1.592397689819336,268437.79468536377,8587.482690811157,111.35458946228027
w,64,9100000,582400000,7,3587.807808071375,647102085,1.0066032409667969,268437.79468536377,8587.482690811157,80.1386833190918
w,64,9100000,582400000,8,2693.337645381689,647102085,1.6689300537109375,268437.79468536377,8587.482690811157,102.66876220703125
w,64,9100000,582400000,9,3679.829951375723,647102085,1.3844966888427734,268437.79468536377,8587.482690811157,162.48059272766113
