scaling,world,rows,max_value,rank,avg_t,tot_l,elapsed_t,max_t,com_init_t,barrier_t
w,64,9100000,582400000,0,3898.3113281428814,647102085,4.686117172241211,249491.9250011444,7477.92649269104,260.39576530456543
w,64,9100000,582400000,1,3688.306637108326,647102085,1.3608932495117188,249491.9250011444,7477.92649269104,135.8661651611328
w,64,9100000,582400000,2,2893.9730934798717,647102085,1.0280609130859375,249491.9250011444,7477.92649269104,189.28813934326172
w,64,9100000,582400000,3,3679.5163676142693,647102085,1.1181831359863281,249491.9250011444,7477.92649269104,105.47375679016113
w,64,9100000,582400000,4,3709.154177457094,647102085,0.9038448333740234,249491.9250011444,7477.92649269104,159.32250022888184
w,64,9100000,582400000,5,3626.435212790966,647102085,1.004934310913086,249491.9250011444,7477.92649269104,105.47614097595215
w,64,9100000,582400000,6,3727.0126082003117,647102085,1.001596450805664,249491.9250011444,7477.92649269104,122.34878540039062
w,64,9100000,582400000,7,3813.6369213461876,647102085,1.0309219360351562,249491.9250011444,7477.92649269104,196.2583065032959
w,64,9100000,582400000,8,3658.725991845131,647102085,1.0852813720703125,249491.9250011444,7477.92649269104,155.77936172485352
w,64,9100000,582400000,9,3705.158919095993,647102085,1.0161399841308594,249491.9250011444,7477.92649269104,182.1117401123047
