scaling,world,rows,max_value,rank,avg_t,tot_l,elapsed_t,max_t,com_init_t,barrier_t
s,2,72500000,145000000,0,18658.31172466278,161098554,3.8602352142333984,37316.62344932556,622.704029083252,0.20241737365722656
s,2,72500000,145000000,1,18135.443449020386,161098554,0.46944618225097656,37316.62344932556,622.704029083252,0.1239776611328125
s,2,72500000,145000000,2,17938.07077407837,161098554,0.33664703369140625,37316.62344932556,622.704029083252,0.09202957153320312
s,2,72500000,145000000,3,17975.6498336792,161098554,0.48422813415527344,37316.62344932556,622.704029083252,0.13327598571777344
s,2,72500000,145000000,4,17961.287140846252,161098554,0.7510185241699219,37316.62344932556,622.704029083252,0.12421607971191406
s,2,72500000,145000000,5,18153.801202774048,161098554,0.5295276641845703,37316.62344932556,622.704029083252,0.09512901306152344
s,2,72500000,145000000,6,18072.489738464355,161098554,0.3075599670410156,37316.62344932556,622.704029083252,0.08797645568847656
s,2,72500000,145000000,7,18106.601357460022,161098554,0.44465065002441406,37316.62344932556,622.704029083252,0.20551681518554688
s,2,72500000,145000000,8,18119.023203849792,161098554,0.3349781036376953,37316.62344932556,622.704029083252,0.09059906005859375
s,2,72500000,145000000,9,18575.07610321045,161098554,0.37407875061035156,37316.62344932556,622.704029083252,295.271635055542
