scaling,world,rows,max_value,rank,avg_t,tot_l,elapsed_t,max_t,com_init_t,barrier_t
s,8,18125000,145000000,0,4357.452243566513,161104569,4.228830337524414,34859.617948532104,536.5092754364014,5.401849746704102
s,8,18125000,145000000,1,4391.7970061302185,161104569,0.6470680236816406,35134.37604904175,536.5092754364014,80.95288276672363
s,8,18125000,145000000,2,4416.161686182022,161104569,0.7154941558837891,35329.29348945618,536.5092754364014,0.13446807861328125
s,8,18125000,145000000,3,4336.303025484085,161104569,0.6866455078125,35329.29348945618,536.5092754364014,73.05002212524414
s,8,18125000,145000000,4,4348.382860422134,161104569,0.7233619689941406,35329.29348945618,536.5092754364014,73.87375831604004
s,8,18125000,145000000,5,4300.1976907253265,161104569,0.6480216979980469,35329.29348945618,536.5092754364014,35.037994384765625
s,8,18125000,145000000,6,4397.709369659424,161104569,0.6301403045654297,35329.29348945618,536.5092754364014,61.93089485168457
s,8,18125000,145000000,7,4327.202022075653,161104569,0.6582736968994141,35329.29348945618,536.5092754364014,0.2963542938232422
s,8,18125000,145000000,8,4373.452305793762,161104569,0.8368492126464844,35329.29348945618,536.5092754364014,65.7200813293457
s,8,18125000,145000000,9,4353.727966547012,161104569,0.6618499755859375,35329.29348945618,536.5092754364014,65.61112403869629
