scaling,world,rows,max_value,rank,avg_t,tot_l,elapsed_t,max_t,com_init_t,barrier_t
s,2,72500000,145000000,0,18201.83002948761,161098554,3.8280487060546875,36403.66005897522,5736.824989318848,57.00850486755371
s,2,72500000,145000000,1,17912.96398639679,161098554,0.385284423828125,36403.66005897522,5736.824989318848,11.704444885253906
s,2,72500000,145000000,2,17936.74886226654,161098554,0.33974647521972656,36403.66005897522,5736.824989318848,0.07510185241699219
s,2,72500000,145000000,3,18317.656993865967,161098554,0.5655288696289062,36635.31398773193,5736.824989318848,0.1251697540283203
s,2,72500000,145000000,4,17930.81271648407,161098554,0.4894733428955078,36635.31398773193,5736.824989318848,0.11587142944335938
s,2,72500000,145000000,5,18045.42064666748,161098554,0.32639503479003906,36635.31398773193,5736.824989318848,0.08034706115722656
s,2,72500000,145000000,6,17963.584423065186,161098554,0.3361701965332031,36635.31398773193,5736.824989318848,0.09560585021972656
s,2,72500000,145000000,7,17906.06951713562,161098554,0.4429817199707031,36635.31398773193,5736.824989318848,0.12755393981933594
s,2,72500000,145000000,8,17902.689695358276,161098554,0.3495216369628906,36635.31398773193,5736.824989318848,0.07963180541992188
s,2,72500000,145000000,9,17890.059232711792,161098554,0.2288818359375,36635.31398773193,5736.824989318848,7.357597351074219
