scaling,world,rows,max_value,rank,avg_t,tot_l,elapsed_t,max_t,com_init_t,barrier_t
s,2,72500000,145000000,0,17919.776797294617,161098554,4.641532897949219,35839.55359458923,9710.351943969727,81.24113082885742
s,2,72500000,145000000,1,18031.40413761139,161098554,0.3552436828613281,36062.80827522278,9710.351943969727,0.1430511474609375
s,2,72500000,145000000,2,17841.213703155518,161098554,0.47397613525390625,36062.80827522278,9710.351943969727,0.08320808410644531
s,2,72500000,145000000,3,18278.360247612,161098554,0.44989585876464844,36556.720495224,9710.351943969727,0.1285076141357422
s,2,72500000,145000000,4,17787.718176841736,161098554,0.44846534729003906,36556.720495224,9710.351943969727,0.1347064971923828
s,2,72500000,145000000,5,18192.99304485321,161098554,0.34117698669433594,36556.720495224,9710.351943969727,0.08702278137207031
s,2,72500000,145000000,6,17786.664366722107,161098554,0.43463706970214844,36556.720495224,9710.351943969727,0.12731552124023438
s,2,72500000,145000000,7,18019.293427467346,161098554,0.2987384796142578,36556.720495224,9710.351943969727,0.0896453857421875
s,2,72500000,145000000,8,17808.09247493744,161098554,0.43845176696777344,36556.720495224,9710.351943969727,0.0820159912109375
s,2,72500000,145000000,9,17964.43808078766,161098554,0.37407875061035156,36556.720495224,9710.351943969727,0.12278556823730469
