scaling,world,rows,max_value,rank,avg_t,tot_l,elapsed_t,max_t,com_init_t,barrier_t
s,4,36250000,145000000,0,9111.453533172607,161112331,4.318714141845703,36445.81413269043,469.7766304016113,20.26224136352539
s,4,36250000,145000000,1,8896.814048290253,161112331,0.5481243133544922,36445.81413269043,469.7766304016113,73.8072395324707
s,4,36250000,145000000,2,8848.041832447052,161112331,0.6399154663085938,36445.81413269043,469.7766304016113,0.1475811004638672
s,4,36250000,145000000,3,8908.085227012634,161112331,0.6318092346191406,36445.81413269043,469.7766304016113,0.17309188842773438
s,4,36250000,145000000,4,8895.026087760925,161112331,0.5862712860107422,36445.81413269043,469.7766304016113,0.0934600830078125
s,4,36250000,145000000,5,8951.585948467255,161112331,0.5888938903808594,36445.81413269043,469.7766304016113,43.56861114501953
s,4,36250000,145000000,6,8827.191591262817,161112331,0.7560253143310547,36445.81413269043,469.7766304016113,0.10395050048828125
s,4,36250000,145000000,7,8933.122038841248,161112331,0.6070137023925781,36445.81413269043,469.7766304016113,0.46253204345703125
s,4,36250000,145000000,8,8968.73390674591,161112331,0.4229545593261719,36445.81413269043,469.7766304016113,193.85886192321777
s,4,36250000,145000000,9,8901.549577713013,161112331,0.5869865417480469,36445.81413269043,469.7766304016113,0.17333030700683594
