scaling,world,rows,max_value,rank,avg_t,tot_l,elapsed_t,max_t,com_init_t,barrier_t
s,8,18125000,145000000,0,4362.357348203659,161104569,4.100561141967773,34898.85878562927,610.8675003051758,41.47839546203613
s,8,18125000,145000000,1,4389.163821935654,161104569,0.6396770477294922,35113.31057548523,610.8675003051758,69.42129135131836
s,8,18125000,145000000,2,4330.818682909012,161104569,0.6661415100097656,35113.31057548523,610.8675003051758,89.57982063293457
s,8,18125000,145000000,3,4318.767547607422,161104569,1.7566680908203125,35113.31057548523,610.8675003051758,85.23058891296387
s,8,18125000,145000000,4,4348.641723394394,161104569,0.6999969482421875,35113.31057548523,610.8675003051758,62.84523010253906
s,8,18125000,145000000,5,4310.535132884979,161104569,0.6809234619140625,35113.31057548523,610.8675003051758,39.53361511230469
s,8,18125000,145000000,6,4325.509637594223,161104569,1.3589859008789062,35113.31057548523,610.8675003051758,51.76043510437012
s,8,18125000,145000000,7,4416.81370139122,161104569,1.2352466583251953,35334.50961112976,610.8675003051758,147.11856842041016
s,8,18125000,145000000,8,4305.401682853699,161104569,1.0380744934082031,35334.50961112976,610.8675003051758,43.74122619628906
s,8,18125000,145000000,9,4485.877990722656,161104569,0.6167888641357422,35887.02392578125,610.8675003051758,217.64206886291504
