scaling,world,rows,max_value,rank,avg_t,tot_l,elapsed_t,max_t,com_init_t,barrier_t
s,4,36250000,145000000,0,8905.03978729248,161112331,4.096269607543945,35620.15914916992,4247.393846511841,114.70150947570801
s,4,36250000,145000000,1,8803.633034229279,161112331,0.5314350128173828,35620.15914916992,4247.393846511841,17.912626266479492
s,4,36250000,145000000,2,8801.324963569641,161112331,0.6330013275146484,35620.15914916992,4247.393846511841,0.156402587890625
s,4,36250000,145000000,3,8816.802024841309,161112331,0.5252361297607422,35620.15914916992,4247.393846511841,19.359111785888672
s,4,36250000,145000000,4,8808.500587940216,161112331,0.492095947265625,35620.15914916992,4247.393846511841,46.392202377319336
s,4,36250000,145000000,5,8909.121096134186,161112331,0.48732757568359375,35636.48438453674,4247.393846511841,70.05572319030762
s,4,36250000,145000000,6,8771.555066108704,161112331,0.5524158477783203,35636.48438453674,4247.393846511841,47.71614074707031
s,4,36250000,145000000,7,8844.352424144745,161112331,0.5686283111572266,35636.48438453674,4247.393846511841,59.973955154418945
s,4,36250000,145000000,8,8739.719212055206,161112331,0.5395412445068359,35636.48438453674,4247.393846511841,16.570091247558594
s,4,36250000,145000000,9,8849.305331707,161112331,0.46324729919433594,35636.48438453674,4247.393846511841,65.29068946838379
