scaling,world,rows,max_value,rank,avg_t,tot_l,elapsed_t,max_t,com_init_t,barrier_t
s,8,18125000,145000000,0,4321.017205715179,161104569,4.131317138671875,34568.137645721436,4938.771486282349,29.373645782470703
s,8,18125000,145000000,1,4286.844938993454,161104569,0.5717277526855469,34568.137645721436,4938.771486282349,2.7735233306884766
s,8,18125000,145000000,2,4333.041578531265,161104569,0.6551742553710938,34664.33262825012,4938.771486282349,20.802974700927734
s,8,18125000,145000000,3,4320.856362581253,161104569,0.690460205078125,34664.33262825012,4938.771486282349,25.76613426208496
s,8,18125000,145000000,4,4470.8052277565,161104569,0.6623268127441406,35766.441822052,4938.771486282349,186.19704246520996
s,8,18125000,145000000,5,4314.84916806221,161104569,0.6608963012695312,35766.441822052,4938.771486282349,47.46055603027344
s,8,18125000,145000000,6,4321.250349283218,161104569,0.6539821624755859,35766.441822052,4938.771486282349,74.58209991455078
s,8,18125000,145000000,7,4358.5957288742065,161104569,0.6165504455566406,35766.441822052,4938.771486282349,86.18712425231934
s,8,18125000,145000000,8,4384.171932935715,161104569,0.6771087646484375,35766.441822052,4938.771486282349,90.58094024658203
s,8,18125000,145000000,9,4309.241592884064,161104569,0.5543231964111328,35766.441822052,4938.771486282349,42.21320152282715
