scaling,world,rows,max_value,rank,avg_t,tot_l,elapsed_t,max_t,com_init_t,barrier_t
s,2,72500000,145000000,0,18115.849494934082,161098554,4.880189895629883,36231.698989868164,264.6193504333496,103.07526588439941
s,2,72500000,145000000,1,18128.49259376526,161098554,0.6787776947021484,36256.98518753052,264.6193504333496,0.12183189392089844
s,2,72500000,145000000,2,17908.844351768494,161098554,0.6549358367919922,36256.98518753052,264.6193504333496,0.11873245239257812
s,2,72500000,145000000,3,18020.69401741028,161098554,0.43511390686035156,36256.98518753052,264.6193504333496,0.11992454528808594
s,2,72500000,145000000,4,17906.829476356506,161098554,0.6618499755859375,36256.98518753052,264.6193504333496,0.1201629638671875
s,2,72500000,145000000,5,18036.002278327942,161098554,0.5314350128173828,36256.98518753052,264.6193504333496,0.08702278137207031
s,2,72500000,145000000,6,17905.012369155884,161098554,0.5159378051757812,36256.98518753052,264.6193504333496,0.08487701416015625
s,2,72500000,145000000,7,18047.22833633423,161098554,0.5295276641845703,36256.98518753052,264.6193504333496,0.11849403381347656
s,2,72500000,145000000,8,17891.369462013245,161098554,0.5922317504882812,36256.98518753052,264.6193504333496,0.08511543273925781
s,2,72500000,145000000,9,18141.12901687622,161098554,0.6182193756103516,36282.25803375244,264.6193504333496,0.08678436279296875
