scaling,world,rows,max_value,rank,avg_t,tot_l,elapsed_t,max_t,com_init_t,barrier_t
s,4,36250000,145000000,0,8964.558243751526,161112331,4.24957275390625,35858.2329750061,564.824104309082,26.902437210083008
s,4,36250000,145000000,1,8732.816398143768,161112331,0.7238388061523438,35858.2329750061,564.824104309082,0.15544891357421875
s,4,36250000,145000000,2,8773.47582578659,161112331,0.553131103515625,35858.2329750061,564.824104309082,0.18525123596191406
s,4,36250000,145000000,3,8752.972960472107,161112331,0.5781650543212891,35858.2329750061,564.824104309082,6.41322135925293
s,4,36250000,145000000,4,8747.230291366577,161112331,0.514984130859375,35858.2329750061,564.824104309082,8.034467697143555
s,4,36250000,145000000,5,8763.743042945862,161112331,0.6108283996582031,35858.2329750061,564.824104309082,33.3712100982666
s,4,36250000,145000000,6,8860.747456550598,161112331,0.46133995056152344,35858.2329750061,564.824104309082,0.12874603271484375
s,4,36250000,145000000,7,8818.91918182373,161112331,0.5941390991210938,35858.2329750061,564.824104309082,24.05381202697754
s,4,36250000,145000000,8,8735.089123249054,161112331,0.4749298095703125,35858.2329750061,564.824104309082,0.10895729064941406
s,4,36250000,145000000,9,8789.730966091156,161112331,0.5660057067871094,35858.2329750061,564.824104309082,0.1838207244873047
