scaling,world,rows,max_value,rank,avg_t,tot_l,elapsed_t,max_t,com_init_t,barrier_t
s,8,18125000,145000000,0,4512.668281793594,161104569,4.7054290771484375,36101.346254348755,636.859655380249,10.943174362182617
s,8,18125000,145000000,1,4601.7095148563385,161104569,0.7703304290771484,36813.67611885071,636.859655380249,1.5516281127929688
s,8,18125000,145000000,2,4396.458178758621,161104569,0.6687641143798828,36813.67611885071,636.859655380249,39.971351623535156
s,8,18125000,145000000,3,4571.24525308609,161104569,0.6163120269775391,36813.67611885071,636.859655380249,271.23212814331055
s,8,18125000,145000000,4,4514.17663693428,161104569,0.6437301635742188,36813.67611885071,636.859655380249,55.40871620178223
s,8,18125000,145000000,5,4344.332933425903,161104569,0.5817413330078125,36813.67611885071,636.859655380249,0.24652481079101562
s,8,18125000,145000000,6,4401.532024145126,161104569,0.7641315460205078,36813.67611885071,636.859655380249,0.133514404296875
s,8,18125000,145000000,7,4537.9034876823425,161104569,0.6284713745117188,36813.67611885071,636.859655380249,223.43134880065918
s,8,18125000,145000000,8,4328.248500823975,161104569,0.6153583526611328,36813.67611885071,636.859655380249,59.8902702331543
s,8,18125000,145000000,9,4409.956634044647,161104569,0.4889965057373047,36813.67611885071,636.859655380249,107.39398002624512
