scaling,world,rows,max_value,rank,avg_t,tot_l,elapsed_t,max_t,com_init_t,barrier_t
s,4,36250000,145000000,0,10351.412832736969,161112331,4.225969314575195,41405.651330947876,546.0875034332275,7.205963134765625
s,4,36250000,145000000,1,9023.646771907806,161112331,0.5850791931152344,41405.651330947876,546.0875034332275,0.24819374084472656
s,4,36250000,145000000,2,8821.837425231934,161112331,0.4639625549316406,41405.651330947876,546.0875034332275,0.12874603271484375
s,4,36250000,145000000,3,8968.468725681305,161112331,0.6284713745117188,41405.651330947876,546.0875034332275,145.01714706420898
s,4,36250000,145000000,4,8787.117004394531,161112331,0.5826950073242188,41405.651330947876,546.0875034332275,10.928630828857422
s,4,36250000,145000000,5,8786.944508552551,161112331,0.5254745483398438,41405.651330947876,546.0875034332275,0.11777877807617188
s,4,36250000,145000000,6,8845.533072948456,161112331,0.5280971527099609,41405.651330947876,546.0875034332275,91.3701057434082
s,4,36250000,145000000,7,8798.27481508255,161112331,0.5660057067871094,41405.651330947876,546.0875034332275,0.1609325408935547
s,4,36250000,145000000,8,8786.841571331024,161112331,0.51116943359375,41405.651330947876,546.0875034332275,0.12564659118652344
s,4,36250000,145000000,9,9052.747786045074,161112331,0.6091594696044922,41405.651330947876,546.0875034332275,0.2529621124267578
