scaling,world,rows,max_value,rank,avg_t,tot_l,elapsed_t,max_t,com_init_t,barrier_t
w,64,9100000,582400000,0,4033.5070081055164,647102085,4.501819610595703,258144.44851875305,17664.278745651245,306.77127838134766
w,64,9100000,582400000,1,2803.931910544634,647102085,1.1589527130126953,258144.44851875305,17664.278745651245,320.8756446838379
w,64,9100000,582400000,2,3896.292183548212,647102085,1.01470947265625,258144.44851875305,17664.278745651245,315.67955017089844
w,64,9100000,582400000,3,3950.206510722637,647102085,1.3093948364257812,258144.44851875305,17664.278745651245,360.14533042907715
w,64,9100000,582400000,4,3306.0264587402344,647102085,0.9930133819580078,258144.44851875305,17664.278745651245,334.08451080322266
w,64,9100000,582400000,5,3596.1514599621296,647102085,1.2001991271972656,258144.44851875305,17664.278745651245,296.7071533203125
w,64,9100000,582400000,6,3515.2204260230064,647102085,1.2431144714355469,258144.44851875305,17664.278745651245,471.6339111328125
w,64,9100000,582400000,7,4079.4094763696194,647102085,1.425027847290039,261082.20648765564,17664.278745651245,330.32679557800293
w,64,9100000,582400000,8,3881.023623049259,647102085,1.004934310913086,261082.20648765564,17664.278745651245,321.76852226257324
w,64,9100000,582400000,9,3054.968047887087,647102085,1.1186599731445312,261082.20648765564,17664.278745651245,366.41502380371094
