scaling,world,rows,max_value,rank,avg_t,tot_l,elapsed_t,max_t,com_init_t,barrier_t
w,32,9100000,291200000,0,2549.562156200409,323532114,4.284858703613281,81585.98899841309,1294.1174507141113,65.77801704406738
w,32,9100000,291200000,1,2521.469548344612,323532114,1.013040542602539,81585.98899841309,1294.1174507141113,0.24747848510742188
w,32,9100000,291200000,2,2510.4894191026688,323532114,1.4255046844482422,81585.98899841309,1294.1174507141113,1.3928413391113281
w,32,9100000,291200000,3,2356.270454823971,323532114,1.0328292846679688,81585.98899841309,1294.1174507141113,38.750648498535156
w,32,9100000,291200000,4,2563.425190746784,323532114,0.8590221405029297,82029.6061038971,1294.1174507141113,290.57812690734863
w,32,9100000,291200000,5,2339.8777693510056,323532114,0.8757114410400391,82029.6061038971,1294.1174507141113,53.91669273376465
w,32,9100000,291200000,6,2336.275637149811,323532114,1.056671142578125,82029.6061038971,1294.1174507141113,28.532743453979492
w,32,9100000,291200000,7,2325.856424868107,323532114,0.8456707000732422,82029.6061038971,1294.1174507141113,126.12771987915039
w,32,9100000,291200000,8,2345.055051147938,323532114,0.7867813110351562,82029.6061038971,1294.1174507141113,122.0700740814209
w,32,9100000,291200000,9,2298.0007603764534,323532114,0.8318424224853516,82029.6061038971,1294.1174507141113,125.87738037109375
