scaling,world,rows,max_value,rank,avg_t,tot_l,elapsed_t,max_t,com_init_t,barrier_t
w,64,9100000,582400000,0,3474.8732075095177,647102085,4.790306091308594,222391.88528060913,17514.230012893677,328.22370529174805
w,64,9100000,582400000,1,2825.8875757455826,647102085,1.2104511260986328,222391.88528060913,17514.230012893677,325.3507614135742
w,64,9100000,582400000,2,4321.4230835437775,647102085,1.5444755554199219,276571.07734680176,17514.230012893677,351.17268562316895
w,64,9100000,582400000,3,2948.8409906625748,647102085,1.5778541564941406,276571.07734680176,17514.230012893677,312.99638748168945
w,64,9100000,582400000,4,3007.0331767201424,647102085,24.245262145996094,276571.07734680176,17514.230012893677,220.95561027526855
w,64,9100000,582400000,5,4088.256314396858,647102085,1.1324882507324219,276571.07734680176,17514.230012893677,429.3992519378662
w,64,9100000,582400000,6,4014.13756608963,647102085,1.0609626770019531,276571.07734680176,17514.230012893677,394.04988288879395
w,64,9100000,582400000,7,3684.5046542584896,647102085,1.1551380157470703,276571.07734680176,17514.230012893677,1095.1030254364014
w,64,9100000,582400000,8,4859.306450933218,647102085,0.9696483612060547,310995.61285972595,17514.230012893677,740.9403324127197
w,64,9100000,582400000,9,4376.93439796567,647102085,1.0192394256591797,310995.61285972595,17514.230012893677,368.333101272583
