scaling,world,rows,max_value,rank,avg_t,tot_l,elapsed_t,max_t,com_init_t,barrier_t
w,32,9100000,291200000,0,2570.800080895424,323532114,4.173755645751953,82265.60258865356,1134.94873046875,89.06269073486328
w,32,9100000,291200000,1,2352.422535419464,323532114,0.7612705230712891,82265.60258865356,1134.94873046875,12.494087219238281
w,32,9100000,291200000,2,2361.3668978214264,323532114,0.8149147033691406,82265.60258865356,1134.94873046875,70.86324691772461
w,32,9100000,291200000,3,2345.4931899905205,323532114,0.8034706115722656,82265.60258865356,1134.94873046875,0.21266937255859375
w,32,9100000,291200000,4,2331.7877277731895,323532114,0.6482601165771484,82265.60258865356,1134.94873046875,121.61087989807129
w,32,9100000,291200000,5,2342.211365699768,323532114,0.774383544921875,82265.60258865356,1134.94873046875,45.80330848693848
w,32,9100000,291200000,6,2320.0170174241066,323532114,0.8032321929931641,82265.60258865356,1134.94873046875,41.74304008483887
w,32,9100000,291200000,7,2527.0968079566956,323532114,0.9512901306152344,82265.60258865356,1134.94873046875,321.2430477142334
w,32,9100000,291200000,8,2344.421274960041,323532114,0.8146762847900391,82265.60258865356,1134.94873046875,162.26696968078613
w,32,9100000,291200000,9,2330.245926976204,323532114,0.7193088531494141,82265.60258865356,1134.94873046875,42.139291763305664
