scaling,world,rows,max_value,rank,avg_t,tot_l,elapsed_t,max_t,com_init_t,barrier_t
w,32,9100000,291200000,0,2709.3391045928,323532114,4.437446594238281,86698.8513469696,1186.356782913208,181.9138526916504
w,32,9100000,291200000,1,2724.1496443748474,323532114,1.4040470123291016,87172.78861999512,1186.356782913208,158.93983840942383
w,32,9100000,291200000,2,2447.4693462252617,323532114,0.7803440093994141,87172.78861999512,1186.356782913208,78.00579071044922
w,32,9100000,291200000,3,2590.8602252602577,323532114,1.0721683502197266,87172.78861999512,1186.356782913208,70.81818580627441
w,32,9100000,291200000,4,2236.8314042687416,323532114,0.8203983306884766,87172.78861999512,1186.356782913208,65.57226181030273
w,32,9100000,291200000,5,2324.8806670308113,323532114,0.7755756378173828,87172.78861999512,1186.356782913208,54.55827713012695
w,32,9100000,291200000,6,2323.486916720867,323532114,1.0352134704589844,87172.78861999512,1186.356782913208,144.44804191589355
w,32,9100000,291200000,7,2326.3871148228645,323532114,0.8597373962402344,87172.78861999512,1186.356782913208,143.86415481567383
w,32,9100000,291200000,8,2309.494599699974,323532114,0.8854866027832031,87172.78861999512,1186.356782913208,147.02391624450684
w,32,9100000,291200000,9,2353.7925109267235,323532114,1.035928726196289,87172.78861999512,1186.356782913208,20.74432373046875
