scaling,world,rows,max_value,rank,avg_t,tot_l,elapsed_t,max_t,com_init_t,barrier_t
w,64,9100000,582400000,0,3094.526320695877,647102085,4.500627517700195,198049.68452453613,2949.514389038086,482.62739181518555
w,64,9100000,582400000,1,3032.9749658703804,647102085,1.6856193542480469,198049.68452453613,2949.514389038086,411.47541999816895
w,64,9100000,582400000,2,4013.2465846836567,647102085,1.1911392211914062,256847.78141975403,2949.514389038086,456.91752433776855
w,64,9100000,582400000,3,3992.6743544638157,647102085,2.4428367614746094,256847.78141975403,2949.514389038086,358.28232765197754
w,64,9100000,582400000,4,4445.058550685644,647102085,1.2018680572509766,284483.7472438812,2949.514389038086,446.7494487762451
w,64,9100000,582400000,5,4017.901472747326,647102085,1.1413097381591797,284483.7472438812,2949.514389038086,467.714786529541
w,64,9100000,582400000,6,4030.9351831674576,647102085,0.9789466857910156,284483.7472438812,2949.514389038086,478.09720039367676
w,64,9100000,582400000,7,3974.5237678289413,647102085,1.0471343994140625,284483.7472438812,2949.514389038086,427.60539054870605
w,64,9100000,582400000,8,3932.411529123783,647102085,1.0437965393066406,284483.7472438812,2949.514389038086,390.8662796020508
w,64,9100000,582400000,9,4405.14313057065,647102085,0.8900165557861328,284483.7472438812,2949.514389038086,388.66686820983887
