scaling,world,rows,max_value,rank,avg_t,tot_l,elapsed_t,max_t,com_init_t,barrier_t
w,64,9100000,582400000,0,3762.9382237792015,647102085,4.9800872802734375,240828.0463218689,6962.172508239746,753.4878253936768
w,64,9100000,582400000,1,2820.468697696924,647102085,1.1029243469238281,240828.0463218689,6962.172508239746,229.78472709655762
w,64,9100000,582400000,2,3638.113509863615,647102085,1.8358230590820312,240828.0463218689,6962.172508239746,95.59988975524902
w,64,9100000,582400000,3,3890.3819248080254,647102085,1.0445117950439453,248984.44318771362,6962.172508239746,91.30477905273438
w,64,9100000,582400000,4,3597.094003111124,647102085,1.0538101196289062,248984.44318771362,6962.172508239746,43.712615966796875
w,64,9100000,582400000,5,2913.3554212749004,647102085,1.0142326354980469,248984.44318771362,6962.172508239746,44.470787048339844
w,64,9100000,582400000,6,3614.5231164991856,647102085,0.9560585021972656,248984.44318771362,6962.172508239746,81.48026466369629
w,64,9100000,582400000,7,3591.017886996269,647102085,1.0099411010742188,248984.44318771362,6962.172508239746,30.221939086914062
w,64,9100000,582400000,8,3628.2142773270607,647102085,1.1196136474609375,248984.44318771362,6962.172508239746,96.48370742797852
w,64,9100000,582400000,9,3588.0657099187374,647102085,0.90789794921875,248984.44318771362,6962.172508239746,47.37401008605957
