scaling,world,rows,max_value,rank,avg_t,tot_l,elapsed_t,max_t,com_init_t,barrier_t
w,32,9100000,291200000,0,2766.3061544299126,323532114,4.246711730957031,88521.7969417572,1204.8625946044922,63.96198272705078
w,32,9100000,291200000,1,2533.266104757786,323532114,0.8533000946044922,88521.7969417572,1204.8625946044922,49.60775375366211
w,32,9100000,291200000,2,2419.885441660881,323532114,0.8447170257568359,88521.7969417572,1204.8625946044922,83.03570747375488
w,32,9100000,291200000,3,2434.2501014471054,323532114,0.8666515350341797,88521.7969417572,1204.8625946044922,117.01536178588867
w,32,9100000,291200000,4,2214.8672342300415,323532114,0.7340908050537109,88521.7969417572,1204.8625946044922,8.824586868286133
w,32,9100000,291200000,5,2318.807505071163,323532114,0.9164810180664062,88521.7969417572,1204.8625946044922,30.193805694580078
w,32,9100000,291200000,6,2238.6157363653183,323532114,0.7710456848144531,88521.7969417572,1204.8625946044922,37.679195404052734
w,32,9100000,291200000,7,2224.411353468895,323532114,0.6444454193115234,88521.7969417572,1204.8625946044922,59.63611602783203
w,32,9100000,291200000,8,2362.678609788418,323532114,1.0063648223876953,88521.7969417572,1204.8625946044922,183.87651443481445
w,32,9100000,291200000,9,2313.26961517334,323532114,0.8547306060791016,88521.7969417572,1204.8625946044922,134.14955139160156
