rank,avg_t,tot_l,time1,time2,time3,time4,time5,time6,time7,elapsed_t,max_t,com_init_t,barrier_t
0,268.07355880737305,14,0.0018758773803710938,1.1920928955078125e-05,3.933906555175781e-05,0.00029754638671875,0.0050199031829833984,0.024763822555541992,0.22854948043823242,30.74026107788086,536.1471176147461,400.8030891418457,7.541656494140625
1,264.3437385559082,14,3.933906555175781e-05,8.344650268554688e-06,3.24249267578125e-05,0.00023674964904785156,0.002971649169921875,0.024921178817749023,0.231797456741333,0.36978721618652344,536.1471176147461,400.8030891418457,4.352331161499023
2,263.63372802734375,14,4.220008850097656e-05,9.298324584960938e-06,4.291534423828125e-05,0.0002944469451904297,0.002830028533935547,0.024376869201660156,0.22933173179626465,0.21982192993164062,536.1471176147461,400.8030891418457,6.732940673828125
3,263.1477117538452,14,3.647804260253906e-05,7.152557373046875e-06,2.6702880859375e-05,0.00023365020751953125,0.002961874008178711,0.024768590927124023,0.2297499179840088,0.22530555725097656,536.1471176147461,400.8030891418457,5.384683609008789
4,262.1445655822754,14,3.5762786865234375e-05,6.67572021484375e-06,2.7179718017578125e-05,0.0002346038818359375,0.002966642379760742,0.024599075317382812,0.22990155220031738,0.20384788513183594,536.1471176147461,400.8030891418457,4.395008087158203
5,262.70925998687744,14,3.743171691894531e-05,7.867813110351562e-06,2.6464462280273438e-05,0.00023555755615234375,0.002965688705444336,0.024482011795043945,0.22974109649658203,0.2193450927734375,536.1471176147461,400.8030891418457,5.234956741333008
6,262.0042562484741,14,3.409385681152344e-05,8.106231689453125e-06,2.5510787963867188e-05,0.00023889541625976562,0.002946138381958008,0.024680137634277344,0.2298729419708252,0.21386146545410156,536.1471176147461,400.8030891418457,4.223346710205078
7,262.0753049850464,14,3.62396240234375e-05,8.344650268554688e-06,2.6226043701171875e-05,0.0002486705780029297,0.0029735565185546875,0.02465534210205078,0.2299201488494873,0.2224445343017578,536.1471176147461,400.8030891418457,4.228115081787109
8,263.36395740509033,14,3.6716461181640625e-05,7.3909759521484375e-06,2.6464462280273438e-05,0.00023555755615234375,0.0029625892639160156,0.02477264404296875,0.22966790199279785,0.22029876708984375,536.1471176147461,400.8030891418457,5.671501159667969
9,261.12496852874756,14,3.62396240234375e-05,7.62939453125e-06,2.574920654296875e-05,0.00023818016052246094,0.0029692649841308594,0.026413679122924805,0.22972702980041504,0.3809928894042969,536.1471176147461,400.8030891418457,1.7189979553222656
