rank,avg_t,tot_l,time1,time2,time3,time4,time5,time6,time7,elapsed_t,max_t,com_init_t,barrier_t
0,274.62756633758545,14,0.0018253326416015625,1.2159347534179688e-05,3.790855407714844e-05,0.00029277801513671875,0.005025148391723633,0.026185035705566406,0.23567914962768555,25.412559509277344,549.2551326751709,4822.605609893799,5.657672882080078
1,273.38457107543945,14,4.100799560546875e-05,8.106231689453125e-06,3.170967102050781e-05,0.00024271011352539062,0.002958059310913086,0.025438547134399414,0.23929238319396973,0.36597251892089844,549.2551326751709,4822.605609893799,5.387067794799805
2,268.6415910720825,14,4.38690185546875e-05,9.5367431640625e-06,4.291534423828125e-05,0.00028443336486816406,0.0028955936431884766,0.025060653686523438,0.23421502113342285,0.20194053649902344,549.2551326751709,4822.605609893799,6.117582321166992
3,267.06695556640625,14,4.0531158447265625e-05,7.3909759521484375e-06,2.6226043701171875e-05,0.0002269744873046875,0.002894878387451172,0.025163650512695312,0.23285293579101562,0.2162456512451172,549.2551326751709,4822.605609893799,5.872488021850586
4,267.1658992767334,14,4.100799560546875e-05,7.152557373046875e-06,2.6702880859375e-05,0.00023365020751953125,0.0029103755950927734,0.025011777877807617,0.23160481452941895,0.21719932556152344,549.2551326751709,4822.605609893799,7.354974746704102
5,266.1527395248413,14,3.886222839355469e-05,8.344650268554688e-06,2.574920654296875e-05,0.0002319812774658203,0.0029304027557373047,0.025013208389282227,0.23342370986938477,0.20170211791992188,549.2551326751709,4822.605609893799,4.497289657592773
6,264.59765434265137,14,3.743171691894531e-05,8.106231689453125e-06,2.574920654296875e-05,0.00024008750915527344,0.0029866695404052734,0.024847030639648438,0.2321915626525879,0.21195411682128906,549.2551326751709,4822.605609893799,4.280328750610352
7,266.40450954437256,14,3.790855407714844e-05,7.3909759521484375e-06,2.6226043701171875e-05,0.00022912025451660156,0.0029022693634033203,0.024939775466918945,0.23256397247314453,0.19669532775878906,549.2551326751709,4822.605609893799,5.718469619750977
8,269.472599029541,14,3.7670135498046875e-05,7.867813110351562e-06,2.574920654296875e-05,0.0002338886260986328,0.002916574478149414,0.025243043899536133,0.23494315147399902,0.21648406982421875,549.2551326751709,4822.605609893799,6.082057952880859
9,265.30301570892334,14,3.743171691894531e-05,8.344650268554688e-06,2.5987625122070312e-05,0.00023174285888671875,0.002947568893432617,0.02510237693786621,0.23182272911071777,0.2357959747314453,549.2551326751709,4822.605609893799,5.148172378540039
