rank,avg_t,tot_l,time1,time2,time3,time4,time5,time6,time7,elapsed_t,max_t,com_init_t,barrier_t
0,270.77531814575195,14,0.0018444061279296875,1.1682510375976562e-05,3.838539123535156e-05,0.00029540061950683594,0.005003452301025391,0.027151107788085938,0.2363443374633789,29.22534942626953,541.5506362915039,4822.758197784424,0.07224082946777344
1,270.99931240081787,14,4.0531158447265625e-05,8.106231689453125e-06,3.147125244140625e-05,0.00023889541625976562,0.002957582473754883,0.02484917640686035,0.2390596866607666,0.39649009704589844,541.9986248016357,4822.758197784424,3.8268566131591797
2,264.809250831604,14,4.38690185546875e-05,1.0251998901367188e-05,4.1961669921875e-05,0.0002906322479248047,0.0028743743896484375,0.024463176727294922,0.23433828353881836,0.2651214599609375,541.9986248016357,4822.758197784424,2.7751922607421875
3,263.0300521850586,14,4.1484832763671875e-05,8.106231689453125e-06,2.6702880859375e-05,0.00023508071899414062,0.0028748512268066406,0.024400711059570312,0.23221659660339355,0.3085136413574219,541.9986248016357,4822.758197784424,3.247499465942383
4,262.1190547943115,14,4.9591064453125e-05,8.344650268554688e-06,2.8371810913085938e-05,0.00024890899658203125,0.0030786991119384766,0.024416446685791016,0.2315235137939453,0.25010108947753906,541.9986248016357,4822.758197784424,2.8350353240966797
5,261.62612438201904,14,3.886222839355469e-05,8.821487426757812e-06,2.6702880859375e-05,0.00023603439331054688,0.0030312538146972656,0.024326324462890625,0.23134112358093262,0.24437904357910156,541.9986248016357,4822.758197784424,2.6938915252685547
6,260.805606842041,14,3.933906555175781e-05,8.344650268554688e-06,2.6464462280273438e-05,0.00023698806762695312,0.0029866695404052734,0.024532318115234375,0.2314772605895996,0.21338462829589844,541.9986248016357,4822.758197784424,1.5718936920166016
7,260.2759599685669,14,3.981590270996094e-05,7.62939453125e-06,2.7179718017578125e-05,0.00023317337036132812,0.0029883384704589844,0.02488255500793457,0.23121166229248047,0.24557113647460938,541.9986248016357,4822.758197784424,0.9644031524658203
8,266.4428949356079,14,4.076957702636719e-05,8.106231689453125e-06,2.6464462280273438e-05,0.00023603439331054688,0.0030057430267333984,0.02463364601135254,0.23330998420715332,0.2665519714355469,541.9986248016357,4822.758197784424,5.200624465942383
9,262.60972023010254,14,4.3392181396484375e-05,8.58306884765625e-06,3.409385681152344e-05,0.00023937225341796875,0.003164052963256836,0.024712562561035156,0.23006033897399902,0.21886825561523438,541.9986248016357,4822.758197784424,4.364490509033203
