rank,avg_t,tot_l,time1,time2,time3,time4,time5,time6,time7,elapsed_t,max_t,com_init_t,barrier_t
0,260.7743740081787,14,0.0018360614776611328,1.1444091796875e-05,3.695487976074219e-05,0.0002837181091308594,0.004788398742675781,0.024683237075805664,0.22900867462158203,18.110036849975586,521.5487480163574,438.92693519592285,0.14853477478027344
1,257.79950618743896,14,5.0067901611328125e-05,8.58306884765625e-06,3.218650817871094e-05,0.00023365020751953125,0.0028460025787353516,0.023673534393310547,0.23081374168395996,0.5338191986083984,521.5487480163574,438.92693519592285,0.13566017150878906
2,256.12056255340576,14,4.4345855712890625e-05,1.049041748046875e-05,3.838539123535156e-05,0.0002894401550292969,0.002865314483642578,0.023662805557250977,0.22913646697998047,0.3414154052734375,521.5487480163574,438.92693519592285,0.07653236389160156
3,256.25312328338623,14,3.886222839355469e-05,7.152557373046875e-06,3.075599670410156e-05,0.0002315044403076172,0.0027582645416259766,0.023595094680786133,0.22954916954040527,0.3390312194824219,521.5487480163574,438.92693519592285,0.07319450378417969
4,256.16347789764404,14,3.790855407714844e-05,7.62939453125e-06,2.6464462280273438e-05,0.00023698806762695312,0.0028798580169677734,0.023653745651245117,0.2292788028717041,0.3707408905029297,521.5487480163574,438.92693519592285,0.07390975952148438
5,256.1225891113281,14,3.719329833984375e-05,8.106231689453125e-06,2.6464462280273438e-05,0.0002300739288330078,0.0028052330017089844,0.023612022399902344,0.22935819625854492,0.33926963806152344,521.5487480163574,438.92693519592285,0.07510185241699219
6,259.47725772857666,14,3.933906555175781e-05,8.58306884765625e-06,2.6464462280273438e-05,0.00024247169494628906,0.002786397933959961,0.02371954917907715,0.2321310043334961,0.3147125244140625,521.5487480163574,438.92693519592285,0.5693435668945312
7,256.2812566757202,14,3.695487976074219e-05,8.106231689453125e-06,2.6226043701171875e-05,0.0002346038818359375,0.002798795700073242,0.023691177368164062,0.229445219039917,0.3364086151123047,521.5487480163574,438.92693519592285,0.07343292236328125
8,261.86907291412354,14,4.00543212890625e-05,7.867813110351562e-06,2.5033950805664062e-05,0.00024199485778808594,0.0028617382049560547,0.02346658706665039,0.2342548370361328,0.3192424774169922,523.7381458282471,438.92693519592285,0.980377197265625
9,262.59374618530273,14,3.910064697265625e-05,8.58306884765625e-06,2.5272369384765625e-05,0.0002307891845703125,0.0028269290924072266,0.025156736373901367,0.23418402671813965,0.5352497100830078,525.1874923706055,438.92693519592285,0.14209747314453125
