scaling,world,rows,max_value,rank,avg_t,tot_l,elapsed_t,max_t,com_init_t,barrier_t
w,2,9100000,18200000,0,2058.445453643799,20222454,3.703594207763672,4116.890907287598,340.00182151794434,3.4143924713134766
w,2,9100000,18200000,1,2075.1579999923706,20222454,0.274658203125,4150.315999984741,340.00182151794434,0.07605552673339844
w,2,9100000,18200000,2,2064.582943916321,20222454,0.3933906555175781,4150.315999984741,340.00182151794434,0.11420249938964844
w,2,9100000,18200000,3,2073.708176612854,20222454,0.2658367156982422,4150.315999984741,340.00182151794434,0.08678436279296875
w,2,9100000,18200000,4,2052.9184341430664,20222454,0.4093647003173828,4150.315999984741,340.00182151794434,0.10800361633300781
w,2,9100000,18200000,5,2072.2423791885376,20222454,0.3600120544433594,4150.315999984741,340.00182151794434,0.14257431030273438
w,2,9100000,18200000,6,2062.421202659607,20222454,0.28705596923828125,4150.315999984741,340.00182151794434,0.07772445678710938
w,2,9100000,18200000,7,2063.4024143218994,20222454,0.29540061950683594,4150.315999984741,340.00182151794434,0.09608268737792969
w,2,9100000,18200000,8,2061.7746114730835,20222454,0.36835670471191406,4150.315999984741,340.00182151794434,0.0896453857421875
w,2,9100000,18200000,9,2067.9574012756348,20222454,0.2675056457519531,4150.315999984741,340.00182151794434,0.07390975952148438
