scaling,world,rows,max_value,rank,avg_t,tot_l,elapsed_t,max_t,com_init_t,barrier_t
w,8,9100000,72800000,0,2296.4727580547333,80888085,4.216670989990234,18371.782064437866,6149.319410324097,5.147457122802734
w,8,9100000,72800000,1,2290.9902334213257,80888085,0.5276203155517578,18371.782064437866,6149.319410324097,15.136003494262695
w,8,9100000,72800000,2,2168.3162450790405,80888085,0.6158351898193359,18371.782064437866,6149.319410324097,0.2872943878173828
w,8,9100000,72800000,3,2460.0180983543396,80888085,0.8563995361328125,19680.144786834717,6149.319410324097,0.16355514526367188
w,8,9100000,72800000,4,2491.325944662094,80888085,0.7290840148925781,19930.607557296753,6149.319410324097,205.6868076324463
w,8,9100000,72800000,5,2147.3763287067413,80888085,0.6191730499267578,19930.607557296753,6149.319410324097,23.2236385345459
w,8,9100000,72800000,6,2153.947502374649,80888085,0.6511211395263672,19930.607557296753,6149.319410324097,21.634817123413086
w,8,9100000,72800000,7,2166.32142663002,80888085,0.64849853515625,19930.607557296753,6149.319410324097,38.65480422973633
w,8,9100000,72800000,8,2185.1856410503387,80888085,0.5667209625244141,19930.607557296753,6149.319410324097,0.15807151794433594
w,8,9100000,72800000,9,2314.3692016601562,80888085,0.6678104400634766,19930.607557296753,6149.319410324097,0.293731689453125
