scaling,world,rows,max_value,rank,avg_t,tot_l,elapsed_t,max_t,com_init_t,barrier_t
w,16,9100000,145600000,0,2533.6211770772934,161774191,4.163503646850586,40537.938833236694,6780.7457447052,246.25635147094727
w,16,9100000,145600000,1,2596.3823348283768,161774191,0.9467601776123047,41542.11735725403,6780.7457447052,153.55777740478516
w,16,9100000,145600000,2,2567.0230239629745,161774191,0.9379386901855469,41542.11735725403,6780.7457447052,324.5055675506592
w,16,9100000,145600000,3,2854.0126979351044,161774191,0.9222030639648438,45664.20316696167,6780.7457447052,615.0407791137695
w,16,9100000,145600000,4,2353.8677096366882,161774191,0.8385181427001953,45664.20316696167,6780.7457447052,115.1728630065918
w,16,9100000,145600000,5,2416.047543287277,161774191,0.8959770202636719,45664.20316696167,6780.7457447052,257.04360008239746
w,16,9100000,145600000,6,2478.542983531952,161774191,0.8151531219482422,45664.20316696167,6780.7457447052,295.8977222442627
w,16,9100000,145600000,7,2368.860110640526,161774191,0.7610321044921875,45664.20316696167,6780.7457447052,216.414213180542
w,16,9100000,145600000,8,2407.545045018196,161774191,0.8804798126220703,45664.20316696167,6780.7457447052,237.16330528259277
w,16,9100000,145600000,9,2597.9559272527695,161774191,0.7703304290771484,45664.20316696167,6780.7457447052,174.37028884887695
