scaling,world,rows,max_value,rank,avg_t,tot_l,elapsed_t,max_t,com_init_t,barrier_t
w,16,9100000,145600000,0,2553.405746817589,161774191,4.268407821655273,40854.49194908142,6253.741264343262,144.70887184143066
w,16,9100000,145600000,1,2468.8840210437775,161774191,0.9808540344238281,40854.49194908142,6253.741264343262,318.5436725616455
w,16,9100000,145600000,2,2333.8005989789963,161774191,0.9448528289794922,40854.49194908142,6253.741264343262,34.52324867248535
w,16,9100000,145600000,3,2421.391114592552,161774191,0.7944107055664062,40854.49194908142,6253.741264343262,243.7419891357422
w,16,9100000,145600000,4,2451.93649828434,161774191,0.9086132049560547,40854.49194908142,6253.741264343262,217.34619140625
w,16,9100000,145600000,5,2291.778787970543,161774191,0.7319450378417969,40854.49194908142,6253.741264343262,61.66386604309082
w,16,9100000,145600000,6,2416.4757430553436,161774191,0.8025169372558594,40854.49194908142,6253.741264343262,147.01485633850098
w,16,9100000,145600000,7,2279.479831457138,161774191,0.8254051208496094,40854.49194908142,6253.741264343262,124.07565116882324
w,16,9100000,145600000,8,2344.1823720932007,161774191,0.6566047668457031,40854.49194908142,6253.741264343262,141.63565635681152
w,16,9100000,145600000,9,2311.6024136543274,161774191,0.6933212280273438,40854.49194908142,6253.741264343262,0.25534629821777344
