scaling,world,rows,max_value,rank,avg_t,tot_l,elapsed_t,max_t,com_init_t,barrier_t
w,4,9100000,36400000,0,2171.346604824066,40437898,4.027128219604492,8685.386419296265,4960.145711898804,9.203433990478516
w,4,9100000,36400000,1,2156.602203845978,40437898,0.3635883331298828,8685.386419296265,4960.145711898804,0.1468658447265625
w,4,9100000,36400000,2,2235.2107763290405,40437898,0.55694580078125,8940.843105316162,4960.145711898804,67.9008960723877
w,4,9100000,36400000,3,2235.2399826049805,40437898,0.4589557647705078,8940.959930419922,4960.145711898804,0.1537799835205078
w,4,9100000,36400000,4,2184.3579411506653,40437898,0.545501708984375,8940.959930419922,4960.145711898804,0.11396408081054688
w,4,9100000,36400000,5,2185.6080889701843,40437898,0.6384849548339844,8940.959930419922,4960.145711898804,0.15974044799804688
w,4,9100000,36400000,6,2165.096879005432,40437898,0.5173683166503906,8940.959930419922,4960.145711898804,0.10561943054199219
w,4,9100000,36400000,7,2193.9772367477417,40437898,0.78582763671875,8940.959930419922,4960.145711898804,0.11706352233886719
w,4,9100000,36400000,8,2172.1869707107544,40437898,0.7061958312988281,8940.959930419922,4960.145711898804,0.15592575073242188
w,4,9100000,36400000,9,2211.4866971969604,40437898,1.0192394256591797,8940.959930419922,4960.145711898804,0.10418891906738281
