scaling,world,rows,max_value,rank,avg_t,tot_l,elapsed_t,max_t,com_init_t,barrier_t
w,2,9100000,18200000,0,2055.688738822937,20222454,3.7436485290527344,4111.377477645874,355.118989944458,0.8816719055175781
w,2,9100000,18200000,1,2068.0354833602905,20222454,0.21719932556152344,4136.070966720581,355.118989944458,1.4834403991699219
w,2,9100000,18200000,2,2043.570637702942,20222454,0.3733634948730469,4136.070966720581,355.118989944458,0.10848045349121094
w,2,9100000,18200000,3,2060.369372367859,20222454,0.2880096435546875,4136.070966720581,355.118989944458,0.09393692016601562
w,2,9100000,18200000,4,2056.5359592437744,20222454,0.385284423828125,4136.070966720581,355.118989944458,0.10561943054199219
w,2,9100000,18200000,5,2058.637499809265,20222454,0.26917457580566406,4136.070966720581,355.118989944458,0.07915496826171875
w,2,9100000,18200000,6,2049.706220626831,20222454,0.38814544677734375,4136.070966720581,355.118989944458,0.10967254638671875
w,2,9100000,18200000,7,2055.5903911590576,20222454,0.2570152282714844,4136.070966720581,355.118989944458,0.08368492126464844
w,2,9100000,18200000,8,2058.5774183273315,20222454,0.2849102020263672,4136.070966720581,355.118989944458,0.08821487426757812
w,2,9100000,18200000,9,2045.14479637146,20222454,0.3418922424316406,4136.070966720581,355.118989944458,0.09298324584960938
