scaling,world,rows,max_value,rank,avg_t,tot_l,elapsed_t,max_t,com_init_t,barrier_t
w,16,9100000,145600000,0,2324.3498653173447,161774191,4.691839218139648,37189.597845077515,6711.944580078125,65.99283218383789
w,16,9100000,145600000,1,2270.710289478302,161774191,0.7836818695068359,37189.597845077515,6711.944580078125,130.66935539245605
w,16,9100000,145600000,2,2347.620576620102,161774191,0.8671283721923828,37561.92922592163,6711.944580078125,97.93257713317871
w,16,9100000,145600000,3,2512.0078921318054,161774191,0.9586811065673828,40192.12627410889,6711.944580078125,29.188156127929688
w,16,9100000,145600000,4,2338.8762325048447,161774191,0.75531005859375,40192.12627410889,6711.944580078125,210.9076976776123
w,16,9100000,145600000,5,2225.6109714508057,161774191,0.7874965667724609,40192.12627410889,6711.944580078125,99.63679313659668
w,16,9100000,145600000,6,2219.410389661789,161774191,0.9024143218994141,40192.12627410889,6711.944580078125,88.51027488708496
w,16,9100000,145600000,7,2296.9799041748047,161774191,0.8482933044433594,40192.12627410889,6711.944580078125,182.0056438446045
w,16,9100000,145600000,8,2385.4466527700424,161774191,0.9260177612304688,40192.12627410889,6711.944580078125,272.1514701843262
w,16,9100000,145600000,9,2186.654031276703,161774191,0.8292198181152344,40192.12627410889,6711.944580078125,66.45417213439941
