scaling,world,rows,max_value,rank,avg_t,tot_l,elapsed_t,max_t,com_init_t,barrier_t
w,4,9100000,36400000,0,2092.0674204826355,40437898,3.8900375366210938,8368.269681930542,4217.176914215088,18.427133560180664
w,4,9100000,36400000,1,2065.2488470077515,40437898,0.40459632873535156,8368.269681930542,4217.176914215088,13.552188873291016
w,4,9100000,36400000,2,2061.1138939857483,40437898,0.44918060302734375,8368.269681930542,4217.176914215088,12.52436637878418
w,4,9100000,36400000,3,2070.0268745422363,40437898,0.48995018005371094,8368.269681930542,4217.176914215088,12.981414794921875
w,4,9100000,36400000,4,2116.0725355148315,40437898,0.6389617919921875,8464.290142059326,4217.176914215088,41.738033294677734
w,4,9100000,36400000,5,2066.0130977630615,40437898,0.4639625549316406,8464.290142059326,4217.176914215088,17.134904861450195
w,4,9100000,36400000,6,2063.2917284965515,40437898,0.5662441253662109,8464.290142059326,4217.176914215088,4.055261611938477
w,4,9100000,36400000,7,2084.359288215637,40437898,0.5714893341064453,8464.290142059326,4217.176914215088,39.78157043457031
w,4,9100000,36400000,8,2074.7110843658447,40437898,0.461578369140625,8464.290142059326,4217.176914215088,33.70094299316406
w,4,9100000,36400000,9,2048.4452843666077,40437898,0.5316734313964844,8464.290142059326,4217.176914215088,5.32984733581543
