scaling,world,rows,max_value,rank,avg_t,tot_l,elapsed_t,max_t,com_init_t,barrier_t
w,1,9100000,9100000,0,1815.9992694854736,10111764,3.5979747772216797,1815.9992694854736,120.7273006439209,0.0629425048828125
w,1,9100000,9100000,1,1803.2586574554443,10111764,0.08988380432128906,1815.9992694854736,120.7273006439209,0.0152587890625
w,1,9100000,9100000,2,1811.0811710357666,10111764,0.1926422119140625,1815.9992694854736,120.7273006439209,0.03743171691894531
w,1,9100000,9100000,3,1805.234432220459,10111764,0.09131431579589844,1815.9992694854736,120.7273006439209,0.015020370483398438
w,1,9100000,9100000,4,1813.4987354278564,10111764,0.19860267639160156,1815.9992694854736,120.7273006439209,0.043392181396484375
w,1,9100000,9100000,5,1803.7846088409424,10111764,0.18596649169921875,1815.9992694854736,120.7273006439209,0.03647804260253906
w,1,9100000,9100000,6,1806.994915008545,10111764,0.087738037109375,1815.9992694854736,120.7273006439209,0.013589859008789062
w,1,9100000,9100000,7,1805.159568786621,10111764,0.1850128173828125,1815.9992694854736,120.7273006439209,0.03647804260253906
w,1,9100000,9100000,8,1810.565710067749,10111764,0.08487701416015625,1815.9992694854736,120.7273006439209,0.018596649169921875
w,1,9100000,9100000,9,1801.7871379852295,10111764,0.09608268737792969,1815.9992694854736,120.7273006439209,0.014543533325195312
