scaling,world,rows,max_value,rank,avg_t,tot_l,elapsed_t,max_t,com_init_t,barrier_t
w,4,9100000,36400000,0,2214.0496373176575,40437898,4.6138763427734375,8856.19854927063,4355.608701705933,41.55993461608887
w,4,9100000,36400000,1,2276.190936565399,40437898,0.5519390106201172,9104.763746261597,4355.608701705933,90.62075614929199
w,4,9100000,36400000,2,2301.6895055770874,40437898,0.5671977996826172,9206.75802230835,4355.608701705933,93.74594688415527
w,4,9100000,36400000,3,2245.696187019348,40437898,0.7169246673583984,9206.75802230835,4355.608701705933,0.17714500427246094
w,4,9100000,36400000,4,2195.594072341919,40437898,0.6997585296630859,9206.75802230835,4355.608701705933,0.1709461212158203
w,4,9100000,36400000,5,2132.130205631256,40437898,0.5362033843994141,9206.75802230835,4355.608701705933,6.288290023803711
w,4,9100000,36400000,6,2130.017042160034,40437898,0.7994174957275391,9206.75802230835,4355.608701705933,87.30888366699219
w,4,9100000,36400000,7,2149.862229824066,40437898,0.9238719940185547,9206.75802230835,4355.608701705933,56.2894344329834
w,4,9100000,36400000,8,2095.3943729400635,40437898,0.5559921264648438,9206.75802230835,4355.608701705933,35.192251205444336
w,4,9100000,36400000,9,2129.0106773376465,40437898,0.5967617034912109,9206.75802230835,4355.608701705933,0.16450881958007812
