scaling,world,rows,max_value,rank,avg_t,tot_l,elapsed_t,max_t,com_init_t,barrier_t
w,8,9100000,72800000,0,2427.635133266449,80888085,4.051446914672852,19421.08106613159,5648.1287479400635,211.02476119995117
w,8,9100000,72800000,1,2131.3074231147766,80888085,0.5033016204833984,19421.08106613159,5648.1287479400635,9.415864944458008
w,8,9100000,72800000,2,2181.893438100815,80888085,0.6709098815917969,19421.08106613159,5648.1287479400635,37.306785583496094
w,8,9100000,72800000,3,2275.2459347248077,80888085,0.6289482116699219,19421.08106613159,5648.1287479400635,146.07930183410645
w,8,9100000,72800000,4,2154.315412044525,80888085,0.6244182586669922,19421.08106613159,5648.1287479400635,0.15020370483398438
w,8,9100000,72800000,5,2152.7216732501984,80888085,0.7107257843017578,19421.08106613159,5648.1287479400635,35.09163856506348
w,8,9100000,72800000,6,2270.5652117729187,80888085,0.5786418914794922,19421.08106613159,5648.1287479400635,139.51420783996582
w,8,9100000,72800000,7,2160.4380309581757,80888085,0.5822181701660156,19421.08106613159,5648.1287479400635,56.75363540649414
w,8,9100000,72800000,8,2163.4662747383118,80888085,0.6105899810791016,19421.08106613159,5648.1287479400635,27.036190032958984
w,8,9100000,72800000,9,2150.3542363643646,80888085,0.6501674652099609,19421.08106613159,5648.1287479400635,30.940532684326172
