scaling,world,rows,max_value,rank,avg_t,tot_l,elapsed_t,max_t,com_init_t,barrier_t
w,4,9100000,36400000,0,2080.633759498596,40437898,3.797292709350586,8322.535037994385,492.10476875305176,17.131567001342773
w,4,9100000,36400000,1,2078.9796710014343,40437898,0.3273487091064453,8322.535037994385,492.10476875305176,8.90207290649414
w,4,9100000,36400000,2,2063.8530254364014,40437898,0.4439353942871094,8322.535037994385,492.10476875305176,18.716812133789062
w,4,9100000,36400000,3,2078.2275795936584,40437898,0.5044937133789062,8322.535037994385,492.10476875305176,0.31375885009765625
w,4,9100000,36400000,4,2057.3431849479675,40437898,0.33283233642578125,8322.535037994385,492.10476875305176,0.12683868408203125
w,4,9100000,36400000,5,2059.803545475006,40437898,0.42939186096191406,8322.535037994385,492.10476875305176,12.934684753417969
w,4,9100000,36400000,6,2057.2874546051025,40437898,0.31113624572753906,8322.535037994385,492.10476875305176,0.125885009765625
w,4,9100000,36400000,7,2061.629593372345,40437898,0.45871734619140625,8322.535037994385,492.10476875305176,14.946222305297852
w,4,9100000,36400000,8,2056.62202835083,40437898,0.3254413604736328,8322.535037994385,492.10476875305176,7.960796356201172
w,4,9100000,36400000,9,2064.2175674438477,40437898,0.3485679626464844,8322.535037994385,492.10476875305176,13.211250305175781
