scaling,world,rows,max_value,rank,avg_t,tot_l,elapsed_t,max_t,com_init_t,barrier_t
w,1,9100000,9100000,0,1817.2664642333984,10111764,3.6449432373046875,1817.2664642333984,125.55289268493652,0.05817413330078125
w,1,9100000,9100000,1,1803.804636001587,10111764,0.08654594421386719,1817.2664642333984,125.55289268493652,0.012874603271484375
w,1,9100000,9100000,2,1811.2390041351318,10111764,0.20551681518554688,1817.2664642333984,125.55289268493652,0.037670135498046875
w,1,9100000,9100000,3,1805.1071166992188,10111764,0.09179115295410156,1817.2664642333984,125.55289268493652,0.013113021850585938
w,1,9100000,9100000,4,1858.7031364440918,10111764,0.1964569091796875,1858.7031364440918,125.55289268493652,0.03409385681152344
w,1,9100000,9100000,5,1803.3678531646729,10111764,0.2040863037109375,1858.7031364440918,125.55289268493652,0.03838539123535156
w,1,9100000,9100000,6,1811.934232711792,10111764,0.0896453857421875,1858.7031364440918,125.55289268493652,0.015020370483398438
w,1,9100000,9100000,7,1804.614782333374,10111764,0.1971721649169922,1858.7031364440918,125.55289268493652,0.03409385681152344
w,1,9100000,9100000,8,1809.398889541626,10111764,0.10752677917480469,1858.7031364440918,125.55289268493652,0.013113021850585938
w,1,9100000,9100000,9,1804.1222095489502,10111764,0.08487701416015625,1858.7031364440918,125.55289268493652,0.013828277587890625
