scaling,world,rows,max_value,rank,avg_t,tot_l,elapsed_t,max_t,com_init_t,barrier_t
w,2,9100000,18200000,0,2323.3933448791504,20222454,3.7338733673095703,4646.786689758301,501.02686882019043,0.148773193359375
w,2,9100000,18200000,1,2119.3944215774536,20222454,0.29540061950683594,4646.786689758301,501.02686882019043,0.08249282836914062
w,2,9100000,18200000,2,2097.3252058029175,20222454,0.44465065002441406,4646.786689758301,501.02686882019043,0.11730194091796875
w,2,9100000,18200000,3,2138.1865739822388,20222454,0.43654441833496094,4646.786689758301,501.02686882019043,0.080108642578125
w,2,9100000,18200000,4,2102.6721000671387,20222454,0.30422210693359375,4646.786689758301,501.02686882019043,0.11658668518066406
w,2,9100000,18200000,5,2114.338994026184,20222454,0.5035400390625,4646.786689758301,501.02686882019043,0.14257431030273438
w,2,9100000,18200000,6,2129.2864084243774,20222454,0.3261566162109375,4646.786689758301,501.02686882019043,0.08559226989746094
w,2,9100000,18200000,7,2102.0394563674927,20222454,0.4165172576904297,4646.786689758301,501.02686882019043,0.09393692016601562
w,2,9100000,18200000,8,2112.1010780334473,20222454,0.3299713134765625,4646.786689758301,501.02686882019043,0.10561943054199219
w,2,9100000,18200000,9,2134.673237800598,20222454,0.31638145446777344,4646.786689758301,501.02686882019043,0.11587142944335938
