scaling,world,rows,max_value,rank,avg_t,tot_l,elapsed_t,max_t,com_init_t,barrier_t
w,1,9100000,9100000,0,1818.6142444610596,10111764,3.6470890045166016,1818.6142444610596,125.14996528625488,0.057220458984375
w,1,9100000,9100000,1,1804.76975440979,10111764,0.08797645568847656,1818.6142444610596,125.14996528625488,0.016450881958007812
w,1,9100000,9100000,2,1809.9899291992188,10111764,0.19168853759765625,1818.6142444610596,125.14996528625488,0.03457069396972656
w,1,9100000,9100000,3,1803.9052486419678,10111764,0.08511543273925781,1818.6142444610596,125.14996528625488,0.01239776611328125
w,1,9100000,9100000,4,1809.6163272857666,10111764,0.1900196075439453,1818.6142444610596,125.14996528625488,0.03528594970703125
w,1,9100000,9100000,5,1809.7665309906006,10111764,0.19049644470214844,1818.6142444610596,125.14996528625488,0.03409385681152344
w,1,9100000,9100000,6,1809.5545768737793,10111764,0.08320808410644531,1818.6142444610596,125.14996528625488,0.0133514404296875
w,1,9100000,9100000,7,1804.8996925354004,10111764,0.19288063049316406,1818.6142444610596,125.14996528625488,0.03504753112792969
w,1,9100000,9100000,8,1809.7660541534424,10111764,0.08344650268554688,1818.6142444610596,125.14996528625488,0.012636184692382812
w,1,9100000,9100000,9,1810.2953433990479,10111764,0.08487701416015625,1818.6142444610596,125.14996528625488,0.013113021850585938
