scaling,world,rows,max_value,rank,avg_t,tot_l,elapsed_t,max_t,com_init_t,barrier_t
w,16,9100000,145600000,0,2399.5396494865417,161774191,4.057407379150391,38392.63439178467,4297.134160995483,155.96961975097656
w,16,9100000,145600000,1,2367.0166730880737,161774191,0.6947517395019531,38392.63439178467,4297.134160995483,233.9184284210205
w,16,9100000,145600000,2,2383.377745747566,161774191,0.9944438934326172,38392.63439178467,4297.134160995483,76.32303237915039
w,16,9100000,145600000,3,2298.86631667614,161774191,0.7517337799072266,38392.63439178467,4297.134160995483,119.19260025024414
w,16,9100000,145600000,4,2527.0676761865616,161774191,0.8435249328613281,40433.082818984985,4297.134160995483,113.17801475524902
w,16,9100000,145600000,5,2422.60904610157,161774191,0.9093284606933594,40433.082818984985,4297.134160995483,256.0286521911621
w,16,9100000,145600000,6,2562.3404383659363,161774191,0.7860660552978516,40997.44701385498,4297.134160995483,151.0152816772461
w,16,9100000,145600000,7,2393.5272693634033,161774191,0.6520748138427734,40997.44701385498,4297.134160995483,205.9805393218994
w,16,9100000,145600000,8,2271.2328135967255,161774191,0.6101131439208984,40997.44701385498,4297.134160995483,100.69489479064941
w,16,9100000,145600000,9,2286.5929901599884,161774191,0.8070468902587891,40997.44701385498,4297.134160995483,15.769243240356445
