scaling,world,rows,max_value,rank,avg_t,tot_l,elapsed_t,max_t,com_init_t,barrier_t
w,8,9100000,72800000,0,2272.837817668915,80888085,4.093170166015625,18182.70254135132,8861.196041107178,153.04064750671387
w,8,9100000,72800000,1,2244.9823319911957,80888085,0.5271434783935547,18182.70254135132,8861.196041107178,150.8035659790039
w,8,9100000,72800000,2,2231.152594089508,80888085,0.8459091186523438,18182.70254135132,8861.196041107178,5.820989608764648
w,8,9100000,72800000,3,2146.02667093277,80888085,0.5590915679931641,18182.70254135132,8861.196041107178,28.677701950073242
w,8,9100000,72800000,4,2096.8537628650665,80888085,0.44798851013183594,18182.70254135132,8861.196041107178,3.274679183959961
w,8,9100000,72800000,5,2187.239319086075,80888085,0.8342266082763672,18182.70254135132,8861.196041107178,80.92308044433594
w,8,9100000,72800000,6,2120.0691163539886,80888085,0.4944801330566406,18182.70254135132,8861.196041107178,30.894756317138672
w,8,9100000,72800000,7,2244.939684867859,80888085,0.8158683776855469,18182.70254135132,8861.196041107178,10.986804962158203
w,8,9100000,72800000,8,2271.467089653015,80888085,0.5576610565185547,18182.70254135132,8861.196041107178,162.99152374267578
w,8,9100000,72800000,9,2148.404210805893,80888085,0.5779266357421875,18182.70254135132,8861.196041107178,43.08772087097168
