scaling,world,rows,max_value,rank,avg_t,tot_l,elapsed_t,max_t,com_init_t,barrier_t
w,1,9100000,9100000,0,1818.427562713623,10111764,3.5521984100341797,1818.427562713623,133.56447219848633,0.05602836608886719
w,1,9100000,9100000,1,1800.2028465270996,10111764,0.08678436279296875,1818.427562713623,133.56447219848633,0.012636184692382812
w,1,9100000,9100000,2,1807.6679706573486,10111764,0.08463859558105469,1818.427562713623,133.56447219848633,0.011920928955078125
w,1,9100000,9100000,3,1809.6811771392822,10111764,0.19431114196777344,1818.427562713623,133.56447219848633,0.03361701965332031
w,1,9100000,9100000,4,1812.5288486480713,10111764,0.1952648162841797,1818.427562713623,133.56447219848633,0.03266334533691406
w,1,9100000,9100000,5,1805.548906326294,10111764,0.08845329284667969,1818.427562713623,133.56447219848633,0.014066696166992188
w,1,9100000,9100000,6,1815.4120445251465,10111764,0.19621849060058594,1818.427562713623,133.56447219848633,0.034332275390625
w,1,9100000,9100000,7,1803.6015033721924,10111764,0.09298324584960938,1818.427562713623,133.56447219848633,0.0133514404296875
w,1,9100000,9100000,8,1808.2921504974365,10111764,0.2014636993408203,1818.427562713623,133.56447219848633,0.03457069396972656
w,1,9100000,9100000,9,1802.0503520965576,10111764,0.08606910705566406,1818.427562713623,133.56447219848633,0.013589859008789062
