scaling,world,rows,max_value,rank,avg_t,tot_l,elapsed_t,max_t,com_init_t,barrier_t
w,8,9100000,72800000,0,2293.5260832309723,80888085,4.131793975830078,18348.20866584778,12279.611587524414,7.863759994506836
w,8,9100000,72800000,1,2149.7633159160614,80888085,0.408172607421875,18348.20866584778,12279.611587524414,48.17819595336914
w,8,9100000,72800000,2,2229.9118041992188,80888085,0.7467269897460938,18348.20866584778,12279.611587524414,68.78471374511719
w,8,9100000,72800000,3,2200.4565000534058,80888085,0.6089210510253906,18348.20866584778,12279.611587524414,73.3182430267334
w,8,9100000,72800000,4,2182.3615431785583,80888085,0.5946159362792969,18348.20866584778,12279.611587524414,47.61004447937012
w,8,9100000,72800000,5,2169.012129306793,80888085,0.6155967712402344,18348.20866584778,12279.611587524414,28.604984283447266
w,8,9100000,72800000,6,2118.882864713669,80888085,0.3864765167236328,18348.20866584778,12279.611587524414,18.96500587463379
w,8,9100000,72800000,7,2118.327021598816,80888085,0.5586147308349609,18348.20866584778,12279.611587524414,11.173486709594727
w,8,9100000,72800000,8,2210.357517004013,80888085,0.6015300750732422,18348.20866584778,12279.611587524414,70.23763656616211
w,8,9100000,72800000,9,2328.293651342392,80888085,0.5078315734863281,18626.349210739136,12279.611587524414,65.61088562011719
