scaling,world,rows,max_value,rank,avg_t,tot_l,elapsed_t,max_t,com_init_t,barrier_t
w,2,9100000,18200000,0,2055.92942237854,20222454,3.835916519165039,4111.85884475708,315.7815933227539,0.16736984252929688
w,2,9100000,18200000,1,2052.895665168762,20222454,0.3247261047363281,4111.85884475708,315.7815933227539,0.07677078247070312
w,2,9100000,18200000,2,2035.0332260131836,20222454,0.4000663757324219,4111.85884475708,315.7815933227539,0.10848045349121094
w,2,9100000,18200000,3,2033.3993434906006,20222454,0.31375885009765625,4111.85884475708,315.7815933227539,0.07653236389160156
w,2,9100000,18200000,4,2039.7952795028687,20222454,0.3867149353027344,4111.85884475708,315.7815933227539,0.10943412780761719
w,2,9100000,18200000,5,2035.8660221099854,20222454,0.29015541076660156,4111.85884475708,315.7815933227539,0.07653236389160156
w,2,9100000,18200000,6,2050.925612449646,20222454,0.3814697265625,4111.85884475708,315.7815933227539,0.10561943054199219
w,2,9100000,18200000,7,2037.0851755142212,20222454,0.2982616424560547,4111.85884475708,315.7815933227539,0.07605552673339844
w,2,9100000,18200000,8,2034.0042114257812,20222454,0.2884864807128906,4111.85884475708,315.7815933227539,0.09274482727050781
w,2,9100000,18200000,9,2053.266167640686,20222454,0.39005279541015625,4111.85884475708,315.7815933227539,0.095367431640625
