world,iteration,com_init_t,barrier_latency_ms,msg_size_bytes,allreduce_latency_ms,allreduce_bandwidth_mbps,lambda_memory_mb,lambda_duration_ms,lambda_gb_seconds,lambda_cost_usd,step_fn_cost_usd,total_cost_usd
16,0,15384.403228759766,3.2502174377441406,8,7.093024253845215,0.0010756194055186,10240,15437.304615974426,154.37304615974426,0.00257608924843061,0.0005,0.00307608924843061
16,0,15384.403228759766,3.2502174377441406,64,6.864166259765625,0.0088918528398355,10240,15435.70261001587,154.3570261001587,0.002575822246903515,0.0005,0.003075822246903515
16,0,15384.403228759766,3.2502174377441406,512,7.9766035079956055,0.06121418088670893,10240,15443.489670753479,154.4348967075348,0.00257712009295547,0.0005,0.00307712009295547
16,0,15384.403228759766,3.2502174377441406,4096,7.701587677001953,0.5072006141882438,10240,15441.564559936523,154.41564559936523,0.002576799240510941,0.0005,0.003076799240510941
16,0,15384.403228759766,3.2502174377441406,32768,9.761309623718262,3.2014146876427327,10240,15455.982613563538,154.55982613563538,0.0025792022542547944,0.0005,0.0030792022542547944
16,0,15384.403228759766,3.2502174377441406,262144,9.099411964416504,27.47430284260475,10240,15451.349329948425,154.51349329948425,0.0025784300387745145,0.0005,0.0030784300387745145
16,0,15384.403228759766,3.2502174377441406,1048576,8.949089050292969,111.74321703361113,10240,15450.29706954956,154.5029706954956,0.0025782546616906167,0.0005,0.0030782546616906167
16,1,15384.403228759766,4.79731559753418,8,7.4982404708862305,0.0010174913115780972,10240,15441.688227653503,154.41688227653503,0.0025768198518383266,0.0005,0.0030768198518383266
16,1,15384.403228759766,4.79731559753418,64,8.625435829162598,0.007076182289089688,10240,15449.578595161438,154.49578595161438,0.0025781349157197714,0.0005,0.0030781349157197714
16,1,15384.403228759766,4.79731559753418,512,8.886933326721191,0.05494372828609371,10240,15451.409077644348,154.51409077644348,0.002578439996743751,0.0005,0.003078439996743751
16,1,15384.403228759766,4.79731559753418,4096,7.2383880615234375,0.53965744400527,10240,15439.869260787964,154.39869260787964,0.002576516690087748,0.0005,0.003076516690087748
16,1,15384.403228759766,4.79731559753418,32768,7.683110237121582,4.06736322082339,10240,15442.98231601715,154.4298231601715,0.0025770355336636307,0.0005,0.0030770355336636307
16,1,15384.403228759766,4.79731559753418,262144,8.075094223022461,30.959391072767747,10240,15445.726203918457,154.45726203918457,0.0025774928492284777,0.0005,0.0030774928492284777
16,1,15384.403228759766,4.79731559753418,1048576,8.394646644592285,119.12353697986636,10240,15447.963070869446,154.47963070869446,0.0025778656611325983,0.0005,0.0030778656611325983
16,2,15384.403228759766,4.3869733810424805,8,9.047675132751465,0.0008432436420746956,10240,15452.123928070068,154.52123928070068,0.0025785591387196545,0.0005,0.0030785591387196545
16,2,15384.403228759766,4.3869733810424805,64,9.113025665283203,0.006697573176219429,10240,15452.58138179779,154.5258138179779,0.0025786353811600928,0.0005,0.0030786353811600928
16,2,15384.403228759766,4.3869733810424805,512,9.329795837402344,0.05233568435040376,10240,15454.098773002625,154.54098773002625,0.0025788882802000286,0.0005,0.0030788882802000287
16,2,15384.403228759766,4.3869733810424805,4096,7.183218002319336,0.5438022344217787,10240,15439.072728157043,154.39072728157043,0.0025763839343837503,0.0005,0.0030763839343837503
16,2,15384.403228759766,4.3869733810424805,32768,7.01136589050293,4.457048810179613,10240,15437.869763374329,154.3786976337433,0.0025761834398523096,0.0005,0.0030761834398523097
16,2,15384.403228759766,4.3869733810424805,262144,7.847189903259277,31.858538289759522,10240,15443.720531463623,154.43720531463623,0.002577158569817448,0.0005,0.003077158569817448
16,2,15384.403228759766,4.3869733810424805,1048576,10.082530975341797,99.18144585378774,10240,15459.3679189682,154.593679189682,0.0025797664729506732,0.0005,0.0030797664729506733
16,3,15384.403228759766,3.5311222076416016,8,7.103300094604492,0.001074063383165399,10240,15437.657451629639,154.3765745162964,0.0025761480544907573,0.0005,0.0030761480544907573
16,3,15384.403228759766,3.5311222076416016,64,8.053731918334961,0.007578493655971912,10240,15444.310474395752,154.44310474395752,0.002577256893836117,0.0005,0.003077256893836117
16,3,15384.403228759766,3.5311222076416016,512,7.021927833557129,0.06953663745539368,10240,15437.087845802307,154.37087845802307,0.002576053119996333,0.0005,0.003076053119996333
16,3,15384.403228759766,3.5311222076416016,4096,7.758283615112305,0.5034940966054713,10240,15442.242336273193,154.42242336273193,0.0025769122034596447,0.0005,0.0030769122034596448
16,3,15384.403228759766,3.5311222076416016,32768,8.099174499511719,3.8584179167746036,10240,15444.62857246399,154.4462857246399,0.0025773099102868557,0.0005,0.0030773099102868557
16,3,15384.403228759766,3.5311222076416016,262144,10.692477226257324,23.380924243268854,10240,15462.781691551208,154.62781691551208,0.0025803354361857655,0.0005,0.0030803354361857655
16,3,15384.403228759766,3.5311222076416016,1048576,8.606743812561035,116.18795932331096,10240,15448.181557655334,154.48181557655334,0.0025779020756697417,0.0005,0.0030779020756697417
16,4,15384.403228759766,4.571294784545898,8,11.167621612548828,0.0006831709379083014,10240,15467.147874832153,154.67147874832153,0.0025810631348546506,0.0005,0.0030810631348546507
16,4,15384.403228759766,4.571294784545898,64,8.606624603271484,0.007091648475849612,10240,15449.220895767212,154.49220895767212,0.002578075299034834,0.0005,0.003078075299034834
16,4,15384.403228759766,4.571294784545898,512,10.851192474365234,0.044997934665108145,10240,15464.932870864868,154.64932870864868,0.002580693966788435,0.0005,0.003080693966788435
16,4,15384.403228759766,4.571294784545898,4096,11.408257484436035,0.3424054905255415,10240,15468.832325935364,154.68832325935364,0.0025813438772666693,0.0005,0.0030813438772666693
16,4,15384.403228759766,4.571294784545898,32768,10.745596885681152,2.908167906581496,10240,15464.19370174408,154.6419370174408,0.0025805707716885806,0.0005,0.0030805707716885806
16,4,15384.403228759766,4.571294784545898,262144,7.960677146911621,31.404363647254378,10240,15444.699263572693,154.44699263572693,0.0025773216921618704,0.0005,0.0030773216921618704
16,4,15384.403228759766,4.571294784545898,1048576,10.152435302734375,98.49853460584654,10240,15460.041570663452,154.60041570663452,0.0025798787484577657,0.0005,0.0030798787484577657
16,5,15384.403228759766,4.0569305419921875,8,8.23068618774414,0.0009269451364347373,10240,15446.074962615967,154.46074962615967,0.0025775509757943156,0.0005,0.0030775509757943157
16,5,15384.403228759766,4.0569305419921875,64,15.853667259216309,0.003849907737562617,10240,15499.435830116272,154.99435830116272,0.002586444471497989,0.0005,0.003086444471497989
16,5,15384.403228759766,4.0569305419921875,512,8.55414867401123,0.05708122089150388,10240,15448.339200019836,154.48339200019836,0.0025779283494497063,0.0005,0.0030779283494497063
16,5,15384.403228759766,4.0569305419921875,4096,7.701587677001953,0.5072006141882438,10240,15442.371273040771,154.42371273040771,0.0025769336929638864,0.0005,0.0030769336929638864
16,5,15384.403228759766,4.0569305419921875,32768,8.72509479522705,3.581622977562938,10240,15449.535822868347,154.49535822868347,0.002578127786989999,0.0005,0.003078127786989999
16,5,15384.403228759766,4.0569305419921875,262144,8.988595008850098,27.81302303128042,10240,15451.380324363708,154.51380324363708,0.0025784352045207263,0.0005,0.0030784352045207263
16,5,15384.403228759766,4.0569305419921875,1048576,9.407711029052734,106.2957819295062,10240,15454.314136505127,154.54314136505127,0.0025789241741889,0.0005,0.0030789241741889
16,6,15384.403228759766,3.3931493759155273,8,7.465767860412598,0.0010219169245410157,10240,15440.05675315857,154.4005675315857,0.0025765479388786794,0.0005,0.0030765479388786795
16,6,15384.403228759766,3.3931493759155273,64,8.049559593200684,0.007582421813679754,10240,15444.143295288086,154.44143295288086,0.0025772290305957797,0.0005,0.0030772290305957797
16,6,15384.403228759766,3.3931493759155273,512,7.3200225830078125,0.06670488300588878,10240,15439.036536216736,154.39036536216736,0.002576377902381635,0.0005,0.003076377902381635
16,6,15384.403228759766,3.3931493759155273,4096,7.843685150146484,0.4980120855471932,10240,15442.702174186707,154.42702174186707,0.002576988843265176,0.0005,0.003076988843265176
16,6,15384.403228759766,3.3931493759155273,32768,8.061504364013672,3.8764476937454897,10240,15444.226908683777,154.44226908683777,0.0025772429661895992,0.0005,0.0030772429661895992
16,6,15384.403228759766,3.3931493759155273,262144,29.527640342712402,8.466643358506685,10240,15594.489860534668,155.94489860534668,0.0026022868415857318,0.0005,0.0031022868415857318
16,6,15384.403228759766,3.3931493759155273,1048576,8.682966232299805,115.1680166945825,10240,15448.57714176178,154.4857714176178,0.002577968006486011,0.0005,0.003077968006486011
16,7,15384.403228759766,3.7386417388916016,8,8.526277542114258,0.0008948095453808252,10240,15447.825813293457,154.47825813293457,0.002577842784824181,0.0005,0.003077842784824181
16,7,15384.403228759766,3.7386417388916016,64,9.27891731262207,0.00657783167945404,10240,15453.094291687012,154.53094291687012,0.0025787208663125994,0.0005,0.0030787208663125994
16,7,15384.403228759766,3.7386417388916016,512,7.922482490539551,0.06163235457863993,10240,15443.599247932434,154.43599247932434,0.0025771383558551553,0.0005,0.0030771383558551553
16,7,15384.403228759766,3.7386417388916016,4096,8.774852752685547,0.44516416515416635,10240,15449.565839767456,154.49565839767456,0.002578132789816523,0.0005,0.003078132789816523
16,7,15384.403228759766,3.7386417388916016,32768,8.879852294921875,3.5192026806426666,10240,15450.30083656311,154.5030083656311,0.0025782552895274643,0.0005,0.0030782552895274643
16,7,15384.403228759766,3.7386417388916016,262144,8.46104621887207,29.54717342666013,10240,15447.369194030762,154.47369194030762,0.0025777666814615252,0.0005,0.0030777666814615252
16,7,15384.403228759766,3.7386417388916016,1048576,8.901643753051758,112.3388025562323,10240,15450.45337677002,154.5045337677002,0.002578280712946129,0.0005,0.003078280712946129
16,8,15384.403228759766,3.7528514862060547,8,8.89594554901123,0.0008576260375264993,10240,15450.42769908905,154.5042769908905,0.002578276433324075,0.0005,0.003078276433324075
16,8,15384.403228759766,3.7528514862060547,64,7.802891731262207,0.007822120100098693,10240,15442.776322364807,154.42776322364807,0.0025770012013195754,0.0005,0.0030770012013195754
16,8,15384.403228759766,3.7528514862060547,512,8.187484741210938,0.059637515724735586,10240,15445.468473434448,154.45468473434448,0.0025774498940618995,0.0005,0.0030774498940618995
16,8,15384.403228759766,3.7528514862060547,4096,8.063077926635742,0.48446139743930927,10240,15444.597625732422,154.44597625732422,0.002577304752487946,0.0005,0.003077304752487946
16,8,15384.403228759766,3.7528514862060547,32768,7.700014114379883,4.0584341191843,10240,15442.05617904663,154.4205617904663,0.002576881177193165,0.0005,0.003076881177193165
16,8,15384.403228759766,3.7528514862060547,262144,8.400893211364746,29.758740375582857,10240,15446.962332725525,154.46962332725525,0.0025776988711083654,0.0005,0.0030776988711083654
16,8,15384.403228759766,3.7528514862060547,1048576,9.081506729125977,110.11388636566502,10240,15451.726627349854,154.51726627349854,0.0025784929218005182,0.0005,0.0030784929218005182
16,9,15384.403228759766,4.177236557006836,8,8.154916763305664,0.0009355576215786366,10240,15445.664882659912,154.45664882659912,0.00257748262899828,0.0005,0.00307748262899828
16,9,15384.403228759766,4.177236557006836,64,9.20400619506836,0.006631368445047714,10240,15453.008508682251,154.5300850868225,0.0025787065691165447,0.0005,0.0030787065691165448
16,9,15384.403228759766,4.177236557006836,512,9.930658340454102,0.04916907150162537,10240,15458.095073699951,154.5809507369995,0.00257955433164835,0.0005,0.00307955433164835
16,9,15384.403228759766,4.177236557006836,4096,7.729864120483398,0.5053452349374179,10240,15442.689514160156,154.42689514160156,0.002576986733256531,0.0005,0.003076986733256531
16,9,15384.403228759766,4.177236557006836,32768,7.072186470031738,4.418718331653345,10240,15438.085770606995,154.38085770606995,0.0025762194411297562,0.0005,0.0030762194411297562
16,9,15384.403228759766,4.177236557006836,262144,8.441329002380371,29.61618957506602,10240,15447.669768333435,154.47669768333435,0.0025778167772788287,0.0005,0.0030778167772788287
16,9,15384.403228759766,4.177236557006836,1048576,9.551143646240234,104.69950374933849,10240,15455.438470840454,154.55438470840454,0.002579111563619566,0.0005,0.003079111563619566
