world,iteration,com_init_t,barrier_latency_ms,msg_size_bytes,allreduce_latency_ms,allreduce_bandwidth_mbps,lambda_memory_mb,lambda_duration_ms,lambda_gb_seconds,lambda_cost_usd,step_fn_cost_usd,total_cost_usd
32,0,31611.910343170166,5.87153434753418,8,10.736942291259766,0.000710574232801883,10240,31692.94047355652,316.9294047355652,0.005288567309906245,0.0009000000000000001,0.006188567309906245
32,0,31611.910343170166,5.87153434753418,64,14.640450477600098,0.004168939770219765,10240,31720.2650308609,317.202650308609,0.005293121411898494,0.0009000000000000001,0.006193121411898494
32,0,31611.910343170166,5.87153434753418,512,14.16318416595459,0.03447538662765741,10240,31716.924166679382,317.1692416667938,0.005292564600087953,0.0009000000000000001,0.006192564600087953
32,0,31611.910343170166,5.87153434753418,4096,14.630460739135742,0.2669943257187369,10240,31720.19510269165,317.2019510269165,0.00529310975718031,0.0009000000000000001,0.006193109757180309
32,0,31611.910343170166,5.87153434753418,32768,14.97814655303955,2.0863729627253758,10240,31722.628903388977,317.22628903388977,0.005293515391441131,0.0009000000000000001,0.0061935153914411305
32,0,31611.910343170166,5.87153434753418,262144,17.58580207824707,14.21601351406314,10240,31740.88249206543,317.4088249206543,0.00529655766230507,0.0009000000000000001,0.006196557662305069
32,0,31611.910343170166,5.87153434753418,1048576,14.309000968933105,69.88608094800912,10240,31717.944884300232,317.1794488430023,0.005292734720031667,0.0009000000000000001,0.006192734720031667
32,1,31611.910343170166,7.657217979431152,8,14.315295219421387,0.0005329540477027183,10240,31719.774627685547,317.19774627685547,0.005293039677872468,0.0009000000000000001,0.006193039677872467
32,1,31611.910343170166,7.657217979431152,64,36.797547340393066,0.0016586745764710531,10240,31877.15039253235,318.7715039253235,0.00531926902447219,0.0009000000000000001,0.006219269024472189
32,1,31611.910343170166,7.657217979431152,512,10.383200645446777,0.04702608248393237,10240,31692.249965667725,316.92249965667725,0.005288452225027943,0.0009000000000000001,0.006188452225027943
32,1,31611.910343170166,7.657217979431152,4096,11.007332801818848,0.35487706879858605,10240,31696.61889076233,316.9661889076233,0.005289180380666686,0.0009000000000000001,0.0061891803806666855
32,1,31611.910343170166,7.657217979431152,32768,11.91868782043457,2.6219329233895974,10240,31702.99837589264,317.0299837589264,0.005290243630314899,0.0009000000000000001,0.006190243630314899
32,1,31611.910343170166,7.657217979431152,262144,14.716815948486328,16.98737015364477,10240,31722.585272789,317.22585272789,0.005293508119659925,0.0009000000000000001,0.006193508119659925
32,1,31611.910343170166,7.657217979431152,1048576,14.256000518798828,70.14590092651437,10240,31719.35956478119,317.1935956478119,0.0052929705005833865,0.0009000000000000001,0.006192970500583386
32,2,31611.910343170166,4.4953107833862305,8,10.145330429077148,0.000752010452945296,10240,31687.422966957092,316.8742296695709,0.005287647723633838,0.0009000000000000001,0.006187647723633838
32,2,31611.910343170166,4.4953107833862305,64,13.521289825439453,0.00451400399207228,10240,31711.05468273163,317.1105468273163,0.005291586350806832,0.0009000000000000001,0.006191586350806832
32,2,31611.910343170166,4.4953107833862305,512,13.42003345489502,0.03638450318630891,10240,31710.345888137817,317.1034588813782,0.005291468218138266,0.0009000000000000001,0.006191468218138266
32,2,31611.910343170166,4.4953107833862305,4096,11.675882339477539,0.3345571569175982,10240,31698.136830329895,316.98136830329895,0.0052894333711005935,0.0009000000000000001,0.006189433371100593
32,2,31611.910343170166,4.4953107833862305,32768,14.401721954345703,2.1698794143550555,10240,31717.217707633972,317.1721770763397,0.005292613523678232,0.0009000000000000001,0.0061926135236782314
32,2,31611.910343170166,4.4953107833862305,262144,12.44971752166748,20.080776898343288,10240,31703.553676605225,317.03553676605225,0.0052903361806187635,0.0009000000000000001,0.006190336180618763
32,2,31611.910343170166,4.4953107833862305,1048576,13.997912406921387,71.43922400211203,10240,31714.391040802002,317.14391040802,0.005292142411597348,0.0009000000000000001,0.006192142411597348
32,3,31611.910343170166,7.384467124938965,8,12.062668800354004,0.0006324798149996542,10240,31703.733491897583,317.03733491897583,0.005290366149894095,0.0009000000000000001,0.006190366149894095
32,3,31611.910343170166,7.384467124938965,64,13.771796226501465,0.004431895102582791,10240,31715.697383880615,317.15697383880615,0.005292360135879231,0.0009000000000000001,0.006192360135879231
32,3,31611.910343170166,7.384467124938965,512,9.820032119750977,0.0497229789114358,10240,31688.03503513336,316.8803503513336,0.005287749735200573,0.0009000000000000001,0.0061877497352005725
32,3,31611.910343170166,7.384467124938965,4096,13.550877571105957,0.28826546321465957,10240,31714.150953292847,317.14150953292847,0.005292102396932459,0.0009000000000000001,0.006192102396932459
32,3,31611.910343170166,7.384467124938965,32768,11.016988754272461,2.8365282653012645,10240,31696.413731575012,316.9641373157501,0.005289146187400413,0.0009000000000000001,0.006189146187400412
32,3,31611.910343170166,7.384467124938965,262144,10.990571975708008,22.746768826278043,10240,31696.22881412506,316.9622881412506,0.005289115367763782,0.0009000000000000001,0.0061891153677637815
32,3,31611.910343170166,7.384467124938965,1048576,13.241410255432129,75.52065684165039,10240,31711.98468208313,317.1198468208313,0.00529174135100875,0.0009000000000000001,0.00619174135100875
32,4,31611.910343170166,6.647801399230957,8,15.858936309814453,0.00048107857817226225,10240,31729.570698738098,317.295706987381,0.005294672359646583,0.0009000000000000001,0.0061946723596465825
32,4,31611.910343170166,6.647801399230957,64,13.743066787719727,0.00444115983664859,10240,31714.759612083435,317.14759612083435,0.00529220384026711,0.0009000000000000001,0.00619220384026711
32,4,31611.910343170166,6.647801399230957,512,12.451839447021484,0.03921358383052379,10240,31705.721020698547,317.0572102069855,0.005290697405356765,0.0009000000000000001,0.006190697405356765
32,4,31611.910343170166,6.647801399230957,4096,9.790182113647461,0.39899666366315173,10240,31687.08941936493,316.8708941936493,0.005287592132257295,0.0009000000000000001,0.006187592132257295
32,4,31611.910343170166,6.647801399230957,32768,12.6326322555542,2.4737520548229597,10240,31706.986570358276,317.06986570358276,0.005290908330721903,0.0009000000000000001,0.006190908330721903
32,4,31611.910343170166,6.647801399230957,262144,11.294150352478027,22.135352567282585,10240,31697.617197036743,316.97617197036743,0.005289346765378523,0.0009000000000000001,0.006189346765378523
32,4,31611.910343170166,6.647801399230957,1048576,11.728978157043457,85.25891911559938,10240,31700.6609916687,317.006609916687,0.005289854065498448,0.0009000000000000001,0.006189854065498448
32,5,31611.910343170166,4.760336875915527,8,13.220024108886719,0.0005771089726017515,10240,31709.21084880829,317.0921084880829,0.005291279044538332,0.0009000000000000001,0.006191279044538331
32,5,31611.910343170166,4.760336875915527,64,15.162062644958496,0.0040255180102619255,10240,31722.80511856079,317.2280511856079,0.005293544760695172,0.0009000000000000001,0.006193544760695171
32,5,31611.910343170166,4.760336875915527,512,12.184381484985352,0.04007435671656394,10240,31701.96135044098,317.0196135044098,0.005290070792393947,0.0009000000000000001,0.006190070792393947
32,5,31611.910343170166,4.760336875915527,4096,14.829421043395996,0.26341217155875246,10240,31720.476627349854,317.20476627349854,0.005293156678050519,0.0009000000000000001,0.0061931566780505185
32,5,31611.910343170166,4.760336875915527,32768,15.78681468963623,1.979500020388222,10240,31727.178382873535,317.27178382873535,0.005294273639538384,0.0009000000000000001,0.006194273639538383
32,5,31611.910343170166,4.760336875915527,262144,14.1587495803833,17.656926452486356,10240,31715.781927108765,317.15781927108765,0.005292374226445437,0.0009000000000000001,0.006192374226445437
32,5,31611.910343170166,4.760336875915527,1048576,12.053346633911133,82.96451022047101,10240,31701.04410648346,317.0104410648346,0.005289917918095279,0.0009000000000000001,0.006189917918095279
32,6,31611.910343170166,27.417421340942383,8,10.648250579833984,0.000716492767901124,10240,31713.865518569946,317.13865518569946,0.005292054824383497,0.0009000000000000001,0.006192054824383497
32,6,31611.910343170166,27.417421340942383,64,13.703417778015137,0.00445400973966661,10240,31735.251688957214,317.35251688957214,0.005295619193243432,0.0009000000000000001,0.006195619193243432
32,6,31611.910343170166,27.417421340942383,512,13.513636589050293,0.03613248342016538,10240,31733.92322063446,317.3392322063446,0.005295397781413484,0.0009000000000000001,0.0061953977814134835
32,6,31611.910343170166,27.417421340942383,4096,11.917471885681152,0.3277750547658821,10240,31722.750067710876,317.22750067710876,0.005293535585535169,0.0009000000000000001,0.006193535585535169
32,6,31611.910343170166,27.417421340942383,32768,12.22372055053711,2.556504778622976,10240,31724.893808364868,317.2489380836487,0.005293892876358748,0.0009000000000000001,0.006193892876358748
32,6,31611.910343170166,27.417421340942383,262144,14.855456352233887,16.828833397797723,10240,31743.315958976746,317.43315958976746,0.005296963240934777,0.0009000000000000001,0.006196963240934777
32,6,31611.910343170166,27.417421340942383,1048576,32.813477516174316,30.47528258798791,10240,31869.02210712433,318.6902210712433,0.005317914307528091,0.0009000000000000001,0.00621791430752809
32,7,31611.910343170166,6.325030326843262,8,13.747572898864746,0.0005549630169177008,10240,31714.468383789062,317.1446838378906,0.005292155302120972,0.0009000000000000001,0.006192155302120972
32,7,31611.910343170166,6.325030326843262,64,13.117456436157227,0.004652971904046995,10240,31710.05756855011,317.1005756855011,0.005291420164777541,0.0009000000000000001,0.006191420164777541
32,7,31611.910343170166,6.325030326843262,512,10.538506507873535,0.04633305958820589,10240,31692.004919052124,316.92004919052124,0.005288411383843661,0.0009000000000000001,0.00618841138384366
32,7,31611.910343170166,6.325030326843262,4096,12.5443696975708,0.31139468097440076,10240,31706.045961380005,317.06045961380005,0.005290751562245322,0.0009000000000000001,0.006190751562245322
32,7,31611.910343170166,6.325030326843262,32768,11.912798881530762,2.623229042206785,10240,31701.624965667725,317.01624965667725,0.005290014728152943,0.0009000000000000001,0.006190014728152943
32,7,31611.910343170166,6.325030326843262,262144,11.874246597290039,21.05396733608812,10240,31701.35509967804,317.0135509967804,0.00528996975039804,0.0009000000000000001,0.00618996975039804
32,7,31611.910343170166,6.325030326843262,1048576,12.240743637084961,81.69438309044942,10240,31703.920578956604,317.03920578956604,0.005290397331132961,0.0009000000000000001,0.006190397331132961
32,8,31611.910343170166,5.867981910705566,8,14.145779609680176,0.0005393406897156158,10240,31716.798782348633,317.1679878234863,0.0052925437026577,0.0009000000000000001,0.006192543702657699
32,8,31611.910343170166,5.867981910705566,64,12.379145622253418,0.004930482127965271,10240,31704.432344436646,317.04432344436646,0.005290482625550223,0.0009000000000000001,0.0061904826255502225
32,8,31611.910343170166,5.867981910705566,512,10.286450386047363,0.04746839110431225,10240,31689.783477783203,316.89783477783203,0.0052880411428916935,0.0009000000000000001,0.006188041142891693
32,8,31611.910343170166,5.867981910705566,4096,11.272430419921875,0.34653130287648054,10240,31696.685338020325,316.96685338020325,0.0052891914552318335,0.0009000000000000001,0.006189191455231833
32,8,31611.910343170166,5.867981910705566,32768,10.454869270324707,2.9890378532709705,10240,31690.962409973145,316.90962409973145,0.005288237631982995,0.0009000000000000001,0.006188237631982995
32,8,31611.910343170166,5.867981910705566,262144,10.550999641418457,23.694437351567426,10240,31691.6353225708,316.916353225708,0.005288349784306908,0.0009000000000000001,0.006188349784306908
32,8,31611.910343170166,5.867981910705566,1048576,12.221622467041016,81.82219690526168,10240,31703.32968235016,317.0332968235016,0.005290298848168254,0.0009000000000000001,0.006190298848168254
32,9,31611.910343170166,8.31763744354248,8,9.692025184631348,0.000787182697724304,10240,31688.072156906128,316.8807215690613,0.005287755922175074,0.0009000000000000001,0.006187755922175074
32,9,31611.910343170166,8.31763744354248,64,10.47961711883545,0.00582417807424462,10240,31693.585300445557,316.93585300445557,0.00528867478126936,0.0009000000000000001,0.00618867478126936
32,9,31611.910343170166,8.31763744354248,512,9.348773956298828,0.052229442307888486,10240,31685.6693983078,316.856693983078,0.005287355461607766,0.0009000000000000001,0.006187355461607766
32,9,31611.910343170166,8.31763744354248,4096,8.327198028564453,0.4690953651637138,10240,31678.51836681366,316.7851836681366,0.005286163620641732,0.0009000000000000001,0.006186163620641732
32,9,31611.910343170166,8.31763744354248,32768,9.519195556640625,3.2828404263845474,10240,31686.862349510193,316.86862349510193,0.005287554287205815,0.0009000000000000001,0.006187554287205815
32,9,31611.910343170166,8.31763744354248,262144,11.249852180480957,22.222514215232284,10240,31698.976945877075,316.98976945877075,0.005289573390638495,0.0009000000000000001,0.006189573390638495
32,9,31611.910343170166,8.31763744354248,1048576,12.82503604888916,77.97249038427576,10240,31710.003232955933,317.1000323295593,0.0052914111088270665,0.0009000000000000001,0.006191411108827066
