world,iteration,com_init_t,barrier_latency_ms,msg_size_bytes,allreduce_latency_ms,allreduce_bandwidth_mbps,lambda_memory_mb,lambda_duration_ms,lambda_gb_seconds,lambda_cost_usd,step_fn_cost_usd,total_cost_usd
4,0,3180.283546447754,2.50394344329834,8,3.26688289642334,0.002335374353210775,10240,3205.6556701660156,32.056556701660156,0.0005350770135795594,0.0002,0.0007350770135795593
4,0,3180.283546447754,2.50394344329834,64,3.510427474975586,0.01738681590350317,10240,3207.3604822158813,32.07360482215881,0.0005353611494894743,0.0002,0.0007353611494894743
4,0,3180.283546447754,2.50394344329834,512,3.693675994873047,0.13219384988768687,10240,3208.6432218551636,32.086432218551636,0.0005355749398569346,0.0002,0.0007355749398569346
4,0,3180.283546447754,2.50394344329834,4096,3.299379348754883,1.1839347910915843,10240,3205.8831453323364,32.058831453323364,0.0005351149261831045,0.0002,0.0007351149261831045
4,0,3180.283546447754,2.50394344329834,32768,4.6009063720703125,6.792139955227594,10240,3214.9938344955444,32.149938344955444,0.0005366333774138689,0.0002,0.0007366333774138689
4,0,3180.283546447754,2.50394344329834,262144,5.025935173034668,49.74198659411868,10240,3217.969036102295,32.17969036102295,0.0005371292453400612,0.0002,0.0007371292453400612
4,0,3180.283546447754,2.50394344329834,1048576,5.393505096435547,185.40818672089117,10240,3220.542025566101,32.20542025566101,0.0005375580777750254,0.0002,0.0007375580777750254
4,1,3180.283546447754,2.0757436752319336,8,5.23829460144043,0.0014564653406763462,10240,3219.027352333069,32.19027352333069,0.0005373056317312956,0.0002,0.0007373056317312956
4,1,3180.283546447754,2.0757436752319336,64,6.497931480407715,0.009393013212593976,10240,3227.84481048584,32.2784481048584,0.0005387752110292435,0.0002,0.0007387752110292435
4,1,3180.283546447754,2.0757436752319336,512,5.191469192504883,0.09405454061153821,10240,3218.69957447052,32.1869957447052,0.0005372510019782782,0.0002,0.0007372510019782782
4,1,3180.283546447754,2.0757436752319336,4096,5.903840065002441,0.6616456335184251,10240,3223.686170578003,32.23686170578003,0.000538082102991724,0.0002,0.000738082102991724
4,1,3180.283546447754,2.0757436752319336,32768,5.388784408569336,5.799081505340188,10240,3220.080780982971,32.20080780982971,0.0005374812035240889,0.0002,0.0007374812035240889
4,1,3180.283546447754,2.0757436752319336,262144,5.474567413330078,45.665708561971954,10240,3220.6812620162964,32.206812620162964,0.0005375812838964701,0.0002,0.0007375812838964701
4,1,3180.283546447754,2.0757436752319336,1048576,5.339694023132324,187.2766483749548,10240,3219.737148284912,32.19737148284912,0.0005374239312932015,0.0002,0.0007374239312932015
4,2,3180.283546447754,1.602339744567871,8,5.262970924377441,0.0014496364583569277,10240,3218.726682662964,32.18726682662964,0.0005372555200193883,0.0002,0.0007372555200193883
4,2,3180.283546447754,1.602339744567871,64,4.678225517272949,0.013046646858866877,10240,3214.6334648132324,32.146334648132324,0.0005365733156800271,0.0002,0.0007365733156800271
4,2,3180.283546447754,1.602339744567871,512,5.8020830154418945,0.08415619850672057,10240,3222.500467300415,32.22500467300415,0.0005378844853835583,0.0002,0.0007378844853835583
4,2,3180.283546447754,1.602339744567871,4096,4.305243492126465,0.9073238266648207,10240,3212.022590637207,32.12022590637207,0.0005361381691137314,0.0002,0.0007361381691137314
4,2,3180.283546447754,1.602339744567871,32768,5.707240104675293,5.475501192669365,10240,3221.836566925049,32.21836566925049,0.0005377738350996971,0.0002,0.0007377738350996971
4,2,3180.283546447754,1.602339744567871,262144,4.483294486999512,55.76256494525189,10240,3213.2689476013184,32.132689476013184,0.000536345895689869,0.0002,0.000736345895689869
4,2,3180.283546447754,1.602339744567871,1048576,5.425524711608887,184.31397019726407,10240,3219.864559173584,32.19864559173584,0.0005374451664837838,0.0002,0.0007374451664837838
4,3,3180.283546447754,1.7231225967407227,8,3.515172004699707,0.0021704185516525703,10240,3206.6128730773926,32.066128730773926,0.0005352365477171899,0.0002,0.0007352365477171899
4,3,3180.283546447754,1.7231225967407227,64,6.520891189575195,0.009359940915372972,10240,3227.652907371521,32.27652907371521,0.0005387432271128893,0.0002,0.0007387432271128893
4,3,3180.283546447754,1.7231225967407227,512,3.958249092102051,0.12335788845989364,10240,3209.714412689209,32.09714412689209,0.0005357534720196724,0.0002,0.0007357534720196724
4,3,3180.283546447754,1.7231225967407227,4096,3.480100631713867,1.1224531740268282,10240,3206.3673734664917,32.06367373466492,0.0005351956310335398,0.0002,0.0007351956310335398
4,3,3180.283546447754,1.7231225967407227,32768,4.833889007568359,6.464774005168978,10240,3215.843892097473,32.15843892097473,0.0005367750539642096,0.0002,0.0007367750539642096
4,3,3180.283546447754,1.7231225967407227,262144,3.6933183670043945,67.68980498227992,10240,3207.8598976135254,32.078598976135254,0.0005354443855555535,0.0002,0.0007354443855555534
4,3,3180.283546447754,1.7231225967407227,1048576,5.061984062194824,197.5509973388597,10240,3217.4405574798584,32.174405574798584,0.0005370411653934956,0.0002,0.0007370411653934956
4,4,3180.283546447754,1.876235008239746,8,4.037785530090332,0.0018894996959086426,10240,3210.424280166626,32.10424280166626,0.0005358717835025311,0.0002,0.0007358717835025311
4,4,3180.283546447754,1.876235008239746,64,4.222965240478516,0.014453151464510736,10240,3211.7205381393433,32.11720538139343,0.00053608782693007,0.0002,0.00073608782693007
4,4,3180.283546447754,1.876235008239746,512,4.802060127258301,0.10168161935922707,10240,3215.7742023468018,32.15774202346802,0.0005367634389825345,0.0002,0.0007367634389825344
4,4,3180.283546447754,1.876235008239746,4096,5.795764923095703,0.6739835124150527,10240,3222.7301359176636,32.227301359176636,0.0005379227635629892,0.0002,0.0007379227635629892
4,4,3180.283546447754,1.876235008239746,32768,6.006479263305664,5.202715039892033,10240,3224.2051362991333,32.24205136299133,0.0005381685974515677,0.0002,0.0007381685974515677
4,4,3180.283546447754,1.876235008239746,262144,3.7732839584350586,66.25528392612297,10240,3208.572769165039,32.08572769165039,0.0005355631977184296,0.0002,0.0007355631977184296
4,4,3180.283546447754,1.876235008239746,1048576,4.193544387817383,238.46176587640002,10240,3211.5145921707153,32.11514592170715,0.0005360535025333167,0.0002,0.0007360535025333167
4,5,3180.283546447754,2.5775671005249023,8,5.690288543701172,0.0013407746325439522,10240,3222.693133354187,32.22693133354187,0.0005379165964567423,0.0002,0.0007379165964567423
4,5,3180.283546447754,2.5775671005249023,64,4.473638534545898,0.013643291870516633,10240,3214.1765832901,32.141765832901,0.0005364971686072111,0.0002,0.0007364971686072111
4,5,3180.283546447754,2.5775671005249023,512,5.536437034606934,0.08819413043946343,10240,3221.6161727905273,32.21616172790527,0.0005377371026704788,0.0002,0.0007377371026704788
4,5,3180.283546447754,2.5775671005249023,4096,4.052495956420898,0.9639121277371833,10240,3211.228585243225,32.11228585243225,0.0005360058346167326,0.0002,0.0007360058346167326
4,5,3180.283546447754,2.5775671005249023,32768,5.716705322265625,5.4664353396503405,10240,3222.878050804138,32.22878050804138,0.0005379474160933734,0.0002,0.0007379474160933734
4,5,3180.283546447754,2.5775671005249023,262144,4.472851753234863,55.89275339143413,10240,3214.171075820923,32.14171075820923,0.0005364962506938458,0.0002,0.0007364962506938458
4,5,3180.283546447754,2.5775671005249023,1048576,5.684018135070801,175.93188062330907,10240,3222.6492404937744,32.226492404937744,0.0005379092809653759,0.0002,0.0007379092809653759
4,6,3180.283546447754,2.8960227966308594,8,3.905010223388672,0.0019537450851100204,10240,3210.5146408081055,32.105146408081055,0.0005358868436395645,0.0002,0.0007358868436395645
4,6,3180.283546447754,2.8960227966308594,64,4.393124580383301,0.013893336083056101,10240,3213.931441307068,32.13931441307068,0.0005364563115283251,0.0002,0.0007364563115283251
4,6,3180.283546447754,2.8960227966308594,512,3.5651206970214844,0.13696065056309017,10240,3208.135414123535,32.08135414123535,0.0005354903050657272,0.0002,0.0007354903050657272
4,6,3180.283546447754,2.8960227966308594,4096,4.017758369445801,0.9722461235364978,10240,3211.3038778305054,32.113038778305054,0.0005360183834063769,0.0002,0.0007360183834063769
4,6,3180.283546447754,2.8960227966308594,32768,3.9426803588867188,7.9260800154806255,10240,3210.778331756592,32.10778331756592,0.0005359307922188759,0.0002,0.0007359307922188759
4,6,3180.283546447754,2.8960227966308594,262144,4.492640495300293,55.64656247512405,10240,3214.628052711487,32.14628052711487,0.0005365724136612654,0.0002,0.0007365724136612654
4,6,3180.283546447754,2.8960227966308594,1048576,5.468130111694336,182.87787224765643,10240,3221.456480026245,32.21456480026245,0.0005377104871565342,0.0002,0.0007377104871565342
4,7,3180.283546447754,1.6044855117797852,8,3.5388946533203125,0.002155869354317128,10240,3206.660294532776,32.06660294532776,0.0005352444513088942,0.0002,0.0007352444513088941
4,7,3180.283546447754,1.6044855117797852,64,5.539703369140625,0.01101776614791351,10240,3220.665955543518,32.20665955543518,0.0005375787328125716,0.0002,0.0007375787328125716
4,7,3180.283546447754,1.6044855117797852,512,4.387712478637695,0.11128378451807817,10240,3212.6020193099976,32.126020193099976,0.0005362347407523394,0.0002,0.0007362347407523393
4,7,3180.283546447754,1.6044855117797852,4096,3.1962156295776367,1.2221484570226542,10240,3204.261541366577,32.04261541366577,0.0005348446583149434,0.0002,0.0007348446583149434
4,7,3180.283546447754,1.6044855117797852,32768,3.685641288757324,8.478850097356181,10240,3207.687520980835,32.07687520980835,0.0005354156560593129,0.0002,0.0007354156560593129
4,7,3180.283546447754,1.6044855117797852,262144,5.617642402648926,44.50265468697612,10240,3221.211528778076,32.21211528778076,0.0005376696618668557,0.0002,0.0007376696618668556
4,7,3180.283546447754,1.6044855117797852,1048576,4.437613487243652,225.34634953553217,10240,3212.9513263702393,32.12951326370239,0.0005362929587121487,0.0002,0.0007362929587121487
4,8,3180.283546447754,1.526641845703125,8,3.8815975189208984,0.0019655295259388473,10240,3208.9813709259033,32.08981370925903,0.0005356312981481076,0.0002,0.0007356312981481076
4,8,3180.283546447754,1.526641845703125,64,4.167985916137695,0.014643800981592285,10240,3210.986089706421,32.10986089706421,0.0005359654186131001,0.0002,0.0007359654186131001
4,8,3180.283546447754,1.526641845703125,512,3.3092737197875977,0.1475493692408556,10240,3204.97510433197,32.0497510433197,0.0005349635857136966,0.0002,0.0007349635857136966
4,8,3180.283546447754,1.526641845703125,4096,3.7206649780273438,1.0498795304249757,10240,3207.8548431396484,32.078548431396484,0.0005354435431415558,0.0002,0.0007354435431415558
4,8,3180.283546447754,1.526641845703125,32768,3.8069725036621094,8.208622460482477,10240,3208.458995819092,32.08458995819092,0.0005355442354561806,0.0002,0.0007355442354561806
4,8,3180.283546447754,1.526641845703125,262144,6.247758865356445,40.0143484067926,10240,3225.544500350952,32.25544500350952,0.0005383918252399922,0.0002,0.0007383918252399921
4,8,3180.283546447754,1.526641845703125,1048576,5.856657028198242,170.74587007319477,10240,3222.8067874908447,32.22806787490845,0.0005379355388507366,0.0002,0.0007379355388507366
4,9,3180.283546447754,2.592158317565918,8,4.66151237487793,0.0016366779529250505,10240,3215.5062913894653,32.15506291389465,0.0005367187870670081,0.0002,0.0007367187870670081
4,9,3180.283546447754,2.592158317565918,64,4.46629524230957,0.013665723589387712,10240,3214.139771461487,32.14139771461487,0.0005364910332901717,0.0002,0.0007364910332901717
4,9,3180.283546447754,2.592158317565918,512,3.5311460494995117,0.13827840682749634,10240,3207.5937271118164,32.075937271118164,0.0005354000237165451,0.0002,0.0007354000237165451
4,9,3180.283546447754,2.592158317565918,4096,4.524707794189453,0.86331541785225,10240,3214.548659324646,32.14548659324646,0.0005365591814036608,0.0002,0.0007365591814036608
4,9,3180.283546447754,2.592158317565918,32768,5.06739616394043,6.166875252891193,10240,3218.347477912903,32.18347477912903,0.0005371923191013099,0.0002,0.0007371923191013098
4,9,3180.283546447754,2.592158317565918,262144,5.0209760665893555,49.79111564851967,10240,3218.0225372314453,32.18022537231445,0.0005371381622127534,0.0002,0.0007371381622127534
4,9,3180.283546447754,2.592158317565918,1048576,4.234862327575684,236.13518519561094,10240,3212.5197410583496,32.125197410583496,0.000536221027682972,0.0002,0.000736221027682972
