world,iteration,com_init_t,barrier_latency_ms,msg_size_bytes,allreduce_latency_ms,allreduce_bandwidth_mbps,lambda_memory_mb,lambda_duration_ms,lambda_gb_seconds,lambda_cost_usd,step_fn_cost_usd,total_cost_usd
16,0,15371.182680130005,6.940364837646484,8,9.411835670471191,0.0008106170569027843,10240,15444.00589466095,154.4400589466095,0.002577206130445457,0.0005,0.003077206130445457
16,0,15371.182680130005,6.940364837646484,64,10.037612915039062,0.006080644548322122,10240,15448.386335372925,154.48386335372925,0.0025779362053575993,0.0005,0.0030779362053575993
16,0,15371.182680130005,6.940364837646484,512,8.716940879821777,0.05601520725353172,10240,15439.141631126404,154.39141631126404,0.0025763954182349445,0.0005,0.0030763954182349445
16,0,15371.182680130005,6.940364837646484,4096,9.67566967010498,0.4037188260022128,10240,15445.852732658386,154.45852732658386,0.0025775139373939754,0.0005,0.0030775139373939754
16,0,15371.182680130005,6.940364837646484,32768,9.715771675109863,3.216419760054379,10240,15446.13344669342,154.4613344669342,0.0025775607231600527,0.0005,0.0030775607231600527
16,0,15371.182680130005,6.940364837646484,262144,9.955430030822754,25.111923766826884,10240,15447.81105518341,154.4781105518341,0.002577840325134254,0.0005,0.003077840325134254
16,0,15371.182680130005,6.940364837646484,1048576,10.362672805786133,96.50020016473329,10240,15450.661754608154,154.50661754608154,0.0025783154426552773,0.0005,0.0030783154426552773
16,1,15371.182680130005,4.679250717163086,8,10.260391235351562,0.0007435773506338998,10240,15447.684669494629,154.4768466949463,0.0025778192608106616,0.0005,0.0030778192608106616
16,1,15371.182680130005,4.679250717163086,64,9.437060356140137,0.006467602616347371,10240,15441.921353340149,154.4192135334015,0.002576858706197143,0.0005,0.003076858706197143
16,1,15371.182680130005,4.679250717163086,512,9.238290786743164,0.05285406805993569,10240,15440.52996635437,154.4052996635437,0.002576626807902384,0.0005,0.003076626807902384
16,1,15371.182680130005,4.679250717163086,4096,9.942317008972168,0.3928913146176,10240,15445.458149909973,154.45458149909973,0.0025774481734710457,0.0005,0.0030774481734710457
16,1,15371.182680130005,4.679250717163086,32768,8.734464645385742,3.5777808107001503,10240,15437.003183364868,154.37003183364868,0.0025760390095618726,0.0005,0.0030760390095618726
16,1,15371.182680130005,4.679250717163086,262144,8.622241020202637,28.994782147034503,10240,15436.217617988586,154.36217617988586,0.002575908081737304,0.0005,0.003075908081737304
16,1,15371.182680130005,4.679250717163086,1048576,9.640717506408691,103.72671944129132,10240,15443.346953392029,154.4334695339203,0.0025770963066809893,0.0005,0.0030770963066809893
16,2,15371.182680130005,4.028201103210449,8,8.43040943145752,0.0009049850536062241,10240,15434.223747253418,154.34223747253418,0.0025755757692834855,0.0005,0.0030755757692834855
16,2,15371.182680130005,4.028201103210449,64,9.968423843383789,0.006122849229621197,10240,15444.989848136902,154.44989848136902,0.0025773701230194335,0.0005,0.0030773701230194335
16,2,15371.182680130005,4.028201103210449,512,8.166742324829102,0.059788986915320336,10240,15432.378077507019,154.3237807750702,0.0025752681570438626,0.0005,0.0030752681570438626
16,2,15371.182680130005,4.028201103210449,4096,9.574031829833984,0.4080047016166788,10240,15442.229104042053,154.42229104042053,0.0025769099980833773,0.0005,0.0030769099980833773
16,2,15371.182680130005,4.028201103210449,32768,10.547471046447754,2.9627955234373053,10240,15449.04317855835,154.4904317855835,0.0025780456794407846,0.0005,0.0030780456794407846
16,2,15371.182680130005,4.028201103210449,262144,10.2708101272583,24.34082578710227,10240,15447.106552124023,154.47106552124023,0.002577722907722855,0.0005,0.003077722907722855
16,2,15371.182680130005,4.028201103210449,1048576,11.190581321716309,89.3608626085771,10240,15453.54495048523,154.5354495048523,0.002578795976262522,0.0005,0.003078795976262522
16,3,15371.182680130005,4.0210723876953125,8,9.493064880371094,0.0008036808583311567,10240,15441.655206680298,154.41655206680298,0.0025768143483317855,0.0005,0.0030768143483317855
16,3,15371.182680130005,4.0210723876953125,64,9.565210342407227,0.006380952855725658,10240,15442.16022491455,154.4216022491455,0.0025768985182058335,0.0005,0.0030768985182058335
16,3,15371.182680130005,4.0210723876953125,512,8.454203605651855,0.057756031528927367,10240,15434.383177757263,154.34383177757263,0.00257560234108727,0.0005,0.00307560234108727
16,3,15371.182680130005,4.0210723876953125,4096,9.205031394958496,0.4243603125720369,10240,15439.63897228241,154.3963897228241,0.0025764783085933927,0.0005,0.0030764783085933927
16,3,15371.182680130005,4.0210723876953125,32768,8.735990524291992,3.5771558946983464,10240,15436.355686187744,154.36355686187744,0.002575931093149853,0.0005,0.003075931093149853
16,3,15371.182680130005,4.0210723876953125,262144,8.808588981628418,28.381390086586062,10240,15436.8638753891,154.368638753891,0.002576015791519475,0.0005,0.003076015791519475
16,3,15371.182680130005,4.0210723876953125,1048576,11.93239688873291,83.80545914829933,10240,15458.73053073883,154.5873053073883,0.002579660241366649,0.0005,0.003079660241366649
16,4,15371.182680130005,4.637408256530762,8,8.454561233520508,0.000902399819520036,10240,15435.00201702118,154.3500201702118,0.002575705481170869,0.0005,0.003075705481170869
16,4,15371.182680130005,4.637408256530762,64,8.912825584411621,0.006848014209629485,10240,15438.209867477417,154.38209867477417,0.0025762401239828587,0.0005,0.0030762401239828588
16,4,15371.182680130005,4.637408256530762,512,9.985923767089844,0.048896953490593066,10240,15445.721554756165,154.45721554756165,0.0025774920743665457,0.0005,0.0030774920743665457
16,4,15371.182680130005,4.637408256530762,4096,10.20359992980957,0.38283057223637174,10240,15447.245287895203,154.47245287895203,0.00257774603039763,0.0005,0.00307774603039763
16,4,15371.182680130005,4.637408256530762,32768,11.27011775970459,2.7728192966831178,10240,15454.710912704468,154.54710912704468,0.002578990303687716,0.0005,0.003078990303687716
16,4,15371.182680130005,4.637408256530762,262144,12.081217765808105,20.6932781815706,10240,15460.388612747192,154.60388612747192,0.0025799365889207365,0.0005,0.0030799365889207365
16,4,15371.182680130005,4.637408256530762,1048576,10.247373580932617,97.58598065173591,10240,15447.551703453064,154.47551703453064,0.002577797099759412,0.0005,0.003077797099759412
16,5,15371.182680130005,3.8767337799072266,8,9.073543548583984,0.0008408395783189516,10240,15438.57421875,154.3857421875,0.0025763008493164064,0.0005,0.0030763008493164064
16,5,15371.182680130005,3.8767337799072266,64,18.917465209960938,0.0032263918856244075,10240,15507.481670379639,155.0748167037964,0.0025877854475571636,0.0005,0.0030877854475571636
16,5,15371.182680130005,3.8767337799072266,512,9.91523265838623,0.04924556657649534,10240,15444.466042518616,154.44466042518616,0.0025772828219084503,0.0005,0.0030772828219084503
16,5,15371.182680130005,3.8767337799072266,4096,10.014533996582031,0.3900580897057423,10240,15445.161151885986,154.45161151885986,0.002577398673701382,0.0005,0.003077398673701382
16,5,15371.182680130005,3.8767337799072266,32768,10.38825511932373,3.0082049045821235,10240,15447.777199745178,154.47777199745178,0.00257783468254993,0.0005,0.00307783468254993
16,5,15371.182680130005,3.8767337799072266,262144,9.519004821777344,26.26324964433847,10240,15441.692447662354,154.41692447662354,0.002576820555174542,0.0005,0.003076820555174542
16,5,15371.182680130005,3.8767337799072266,1048576,12.535595893859863,79.77283317578993,10240,15462.808585166931,154.6280858516693,0.002580339918464017,0.0005,0.003080339918464017
16,6,15371.182680130005,3.9763927459716797,8,9.592366218566895,0.0007953610566371637,10240,15442.305636405945,154.42305636405945,0.0025769227535028696,0.0005,0.0030769227535028696
16,6,15371.182680130005,3.9763927459716797,64,10.728979110717773,0.005688813038048382,10240,15450.261926651001,154.50261926651,0.0025782488045291425,0.0005,0.0030782488045291425
16,6,15371.182680130005,3.9763927459716797,512,8.1465482711792,0.05993719471686407,10240,15432.184910774231,154.3218491077423,0.002575235962524009,0.0005,0.003075235962524009
16,6,15371.182680130005,3.9763927459716797,4096,8.139657974243164,0.4799034569217521,10240,15432.136678695679,154.3213667869568,0.002575227923828173,0.0005,0.003075227923828173
16,6,15371.182680130005,3.9763927459716797,32768,8.769941329956055,3.563307760481516,10240,15436.548662185669,154.3654866218567,0.002575963255880499,0.0005,0.003075963255880499
16,6,15371.182680130005,3.9763927459716797,262144,12.833952903747559,19.47957904123204,10240,15464.99674320221,154.6499674320221,0.0025807046121992827,0.0005,0.0030807046121992827
16,6,15371.182680130005,3.9763927459716797,1048576,10.18819808959961,98.15278336812348,10240,15446.476459503174,154.46476459503174,0.002577617892076016,0.0005,0.003077617892076016
16,7,15371.182680130005,4.013466835021973,8,9.020137786865234,0.0008458179588298109,10240,15438.337111473083,154.38337111473083,0.0025762613313578845,0.0005,0.0030762613313578845
16,7,15371.182680130005,4.013466835021973,64,8.56475830078125,0.007126313914127918,10240,15435.149455070496,154.35149455070496,0.0025757300542282343,0.0005,0.0030757300542282344
16,7,15371.182680130005,4.013466835021973,512,8.837151527404785,0.05525323951793707,10240,15437.05620765686,154.3705620765686,0.002576047846961546,0.0005,0.003076047846961546
16,7,15371.182680130005,4.013466835021973,4096,9.060454368591309,0.4311317999173734,10240,15438.619327545166,154.38619327545166,0.0025763083674639705,0.0005,0.0030763083674639705
16,7,15371.182680130005,4.013466835021973,32768,8.333110809326172,3.7501001384772086,10240,15433.52792263031,154.3352792263031,0.002575459798281026,0.0005,0.003075459798281026
16,7,15371.182680130005,4.013466835021973,262144,8.400821685791016,29.75899374496248,10240,15434.001898765564,154.34001898765564,0.0025755387944615604,0.0005,0.0030755387944615604
16,7,15371.182680130005,4.013466835021973,1048576,9.621191024780273,103.93723577719297,10240,15442.544484138489,154.4254448413849,0.00257696256153791,0.0005,0.00307696256153791
16,8,15371.182680130005,5.151534080505371,8,8.64269733428955,0.000882756185500178,10240,15436.833095550537,154.36833095550537,0.0025760106615361216,0.0005,0.0030760106615361216
16,8,15371.182680130005,5.151534080505371,64,9.379434585571289,0.00650733854937189,10240,15441.99025630951,154.4199025630951,0.002576870190048337,0.0005,0.003076870190048337
16,8,15371.182680130005,5.151534080505371,512,8.26268196105957,0.059094765150247294,10240,15434.172987937927,154.34172987937927,0.002575567309380651,0.0005,0.003075567309380651
16,8,15371.182680130005,5.151534080505371,4096,11.195635795593262,0.34890827741444996,10240,15454.703664779663,154.54703664779663,0.0025789890956978323,0.0005,0.0030789890956978323
16,8,15371.182680130005,5.151534080505371,32768,8.33594799041748,3.7488237733636507,10240,15434.685850143433,154.34685850143433,0.002575652786585856,0.0005,0.003075652786585856
16,8,15371.182680130005,5.151534080505371,262144,11.134004592895508,22.453736022304355,10240,15454.272246360779,154.5427224636078,0.002578917192484212,0.0005,0.003078917192484212
16,8,15371.182680130005,5.151534080505371,1048576,10.764765739440918,92.89565831758976,10240,15451.687574386597,154.51687574386597,0.002578486412960291,0.0005,0.003078486412960291
16,9,15371.182680130005,4.146838188171387,8,9.619832038879395,0.0007930902016183997,10240,15442.668342590332,154.42668342590332,0.002576983204654503,0.0005,0.003076983204654503
16,9,15371.182680130005,4.146838188171387,64,8.257031440734863,0.007391900671334729,10240,15433.12873840332,154.3312873840332,0.0025753932674434663,0.0005,0.0030753932674434663
16,9,15371.182680130005,4.146838188171387,512,10.335755348205566,0.04724195122176267,10240,15447.679805755615,154.47679805755615,0.002577818450185871,0.0005,0.003077818450185871
16,9,15371.182680130005,4.146838188171387,4096,10.893607139587402,0.3585818682412986,10240,15451.584768295288,154.51584768295288,0.002578469278577471,0.0005,0.003078469278577471
16,9,15371.182680130005,4.146838188171387,32768,11.290240287780762,2.7678773173518154,10240,15454.361200332642,154.54361200332642,0.0025789320181758405,0.0005,0.0030789320181758405
16,9,15371.182680130005,4.146838188171387,262144,9.94417667388916,25.1403417496026,10240,15444.9387550354,154.449387550354,0.0025773616074854853,0.0005,0.0030773616074854853
16,9,15371.182680130005,4.146838188171387,1048576,10.608386993408203,94.26503771227199,10240,15449.588227272034,154.49588227272034,0.0025781365210747484,0.0005,0.0030781365210747484
