scaling,world,rows,max_value,rank,avg_t,tot_l,elapsed_t,max_t,com_init_t,barrier_t
s,32,142187,4550000,0,49.422286450862885,5056177,3.9207935333251953,1581.5131664276123,1151.7155170440674,12.850046157836914
s,32,142187,4550000,1,33.79059582948685,5056177,0.7696151733398438,1581.5131664276123,1151.7155170440674,1.4417171478271484
s,32,142187,4550000,2,33.69592875242233,5056177,0.6439685821533203,1581.5131664276123,1151.7155170440674,1.5125274658203125
s,32,142187,4550000,3,34.00150686502457,5056177,0.6895065307617188,1581.5131664276123,1151.7155170440674,1.6055107116699219
s,32,142187,4550000,4,33.06705504655838,5056177,0.6306171417236328,1581.5131664276123,1151.7155170440674,0.9908676147460938
s,32,142187,4550000,5,38.93806040287018,5056177,0.6892681121826172,1581.5131664276123,1151.7155170440674,1.500844955444336
s,32,142187,4550000,6,40.361762046813965,5056177,2.6972293853759766,1581.5131664276123,1151.7155170440674,5.961894989013672
s,32,142187,4550000,7,39.11169618368149,5056177,0.6437301635742188,1581.5131664276123,1151.7155170440674,5.477428436279297
s,32,142187,4550000,8,38.60286623239517,5056177,0.5617141723632812,1581.5131664276123,1151.7155170440674,1.573324203491211
s,32,142187,4550000,9,33.4586501121521,5056177,0.6213188171386719,1581.5131664276123,1151.7155170440674,0.8568763732910156
