scaling,world,rows,max_value,rank,avg_t,tot_l,elapsed_t,max_t,com_init_t,barrier_t
s,64,71093,4550000,0,40.50133377313614,5058011,3.952503204345703,2592.085361480713,8520.667314529419,21.750211715698242
s,64,71093,4550000,1,26.135530322790146,5058011,0.8347034454345703,2592.085361480713,8520.667314529419,0.8378028869628906
s,64,71093,4550000,2,26.03137493133545,5058011,0.69427490234375,2592.085361480713,8520.667314529419,1.2123584747314453
s,64,71093,4550000,3,26.242993772029877,5058011,0.7338523864746094,2592.085361480713,8520.667314529419,1.4123916625976562
s,64,71093,4550000,4,25.66729485988617,5058011,0.6499290466308594,2592.085361480713,8520.667314529419,1.0368824005126953
s,64,71093,4550000,5,24.70199018716812,5058011,0.6699562072753906,2592.085361480713,8520.667314529419,1.0249614715576172
s,64,71093,4550000,6,23.649856448173523,5058011,0.9131431579589844,2592.085361480713,8520.667314529419,1.3582706451416016
s,64,71093,4550000,7,23.10880646109581,5058011,0.7610321044921875,2592.085361480713,8520.667314529419,0.9517669677734375
s,64,71093,4550000,8,22.993966937065125,5058011,0.7474422454833984,2592.085361480713,8520.667314529419,0.9665489196777344
s,64,71093,4550000,9,26.129644364118576,5058011,0.7915496826171875,2592.085361480713,8520.667314529419,2.817392349243164
