scaling,world,rows,max_value,rank,avg_t,tot_l,elapsed_t,max_t,com_init_t,barrier_t
s,32,142187,4550000,0,49.318358302116394,5056177,3.942728042602539,1578.1874656677246,1386.9993686676025,13.312816619873047
s,32,142187,4550000,1,33.94754230976105,5056177,0.7467269897460938,1578.1874656677246,1386.9993686676025,1.4142990112304688
s,32,142187,4550000,2,33.49059075117111,5056177,0.7171630859375,1578.1874656677246,1386.9993686676025,2.2308826446533203
s,32,142187,4550000,3,32.9059436917305,5056177,0.690460205078125,1578.1874656677246,1386.9993686676025,0.12564659118652344
s,32,142187,4550000,4,42.82663017511368,5056177,2.635955810546875,1578.1874656677246,1386.9993686676025,1.4379024505615234
s,32,142187,4550000,5,38.53943943977356,5056177,0.7936954498291016,1578.1874656677246,1386.9993686676025,1.6632080078125
s,32,142187,4550000,6,40.56867957115173,5056177,0.7321834564208984,1578.1874656677246,1386.9993686676025,4.399776458740234
s,32,142187,4550000,7,37.32716292142868,5056177,0.6721019744873047,1578.1874656677246,1386.9993686676025,4.980802536010742
s,32,142187,4550000,8,34.784309566020966,5056177,0.7848739624023438,1578.1874656677246,1386.9993686676025,1.3685226440429688
s,32,142187,4550000,9,32.23937749862671,5056177,0.6883144378662109,1578.1874656677246,1386.9993686676025,1.0747909545898438
