scaling,world,rows,max_value,rank,avg_t,tot_l,elapsed_t,max_t,com_init_t,barrier_t
s,32,142187,4550000,0,49.72030967473984,5056177,3.955841064453125,1591.0499095916748,1366.044044494629,14.802932739257812
s,32,142187,4550000,1,33.702097833156586,5056177,0.6875991821289062,1591.0499095916748,1366.044044494629,1.0766983032226562
s,32,142187,4550000,2,33.539362251758575,5056177,0.7464885711669922,1591.0499095916748,1366.044044494629,0.8411407470703125
s,32,142187,4550000,3,36.187537014484406,5056177,0.8299350738525391,1591.0499095916748,1366.044044494629,4.494667053222656
s,32,142187,4550000,4,41.01323336362839,5056177,0.78582763671875,1591.0499095916748,1366.044044494629,5.697011947631836
s,32,142187,4550000,5,40.78036546707153,5056177,0.7050037384033203,1591.0499095916748,1366.044044494629,3.3757686614990234
s,32,142187,4550000,6,38.05466741323471,5056177,0.7383823394775391,1591.0499095916748,1366.044044494629,3.908395767211914
s,32,142187,4550000,7,36.773860454559326,5056177,0.6535053253173828,1591.0499095916748,1366.044044494629,2.290964126586914
s,32,142187,4550000,8,33.92136096954346,5056177,0.7855892181396484,1591.0499095916748,1366.044044494629,1.3573169708251953
s,32,142187,4550000,9,32.444000244140625,5056177,0.6742477416992188,1591.0499095916748,1366.044044494629,1.0879039764404297
