scaling,world,rows,max_value,rank,avg_t,tot_l,elapsed_t,max_t,com_init_t,barrier_t
s,64,71093,4550000,0,73.03327322006226,5058011,3.9980411529541016,4674.129486083984,8418.033838272095,29.697656631469727
s,64,71093,4550000,1,25.28323233127594,5058011,0.7605552673339844,4674.129486083984,8418.033838272095,0.8015632629394531
s,64,71093,4550000,2,24.499863386154175,5058011,0.7030963897705078,4674.129486083984,8418.033838272095,0.7641315460205078
s,64,71093,4550000,3,23.173287510871887,5058011,0.8149147033691406,4674.129486083984,8418.033838272095,0.7264614105224609
s,64,71093,4550000,4,22.53163978457451,5058011,0.6859302520751953,4674.129486083984,8418.033838272095,1.1417865753173828
s,64,71093,4550000,5,23.061711341142654,5058011,0.8971691131591797,4674.129486083984,8418.033838272095,1.3318061828613281
s,64,71093,4550000,6,23.264896124601364,5058011,0.7159709930419922,4674.129486083984,8418.033838272095,1.2829303741455078
s,64,71093,4550000,7,22.505786269903183,5058011,0.7300376892089844,4674.129486083984,8418.033838272095,0.7164478302001953
s,64,71093,4550000,8,22.728215903043747,5058011,0.6964206695556641,4674.129486083984,8418.033838272095,1.0035037994384766
s,64,71093,4550000,9,27.34271064400673,5058011,0.7891654968261719,4674.129486083984,8418.033838272095,2.5892257690429688
