scaling,world,rows,max_value,rank,avg_t,tot_l,elapsed_t,max_t,com_init_t,barrier_t
s,32,142187,4550000,0,49.62930083274841,5056177,3.915071487426758,1588.1376266479492,1330.6035995483398,9.418249130249023
s,32,142187,4550000,1,34.7859263420105,5056177,0.7207393646240234,1588.1376266479492,1330.6035995483398,1.0480880737304688
s,32,142187,4550000,2,33.78329426050186,5056177,0.6422996520996094,1588.1376266479492,1330.6035995483398,0.8747577667236328
s,32,142187,4550000,3,33.31135958433151,5056177,0.919342041015625,1588.1376266479492,1330.6035995483398,0.9255409240722656
s,32,142187,4550000,4,36.76885366439819,5056177,3.0367374420166016,1588.1376266479492,1330.6035995483398,5.418539047241211
s,32,142187,4550000,5,39.1872301697731,5056177,2.7794837951660156,1588.1376266479492,1330.6035995483398,3.704547882080078
s,32,142187,4550000,6,40.72255641222,5056177,0.7252693176269531,1588.1376266479492,1330.6035995483398,6.200551986694336
s,32,142187,4550000,7,38.99647295475006,5056177,0.6411075592041016,1588.1376266479492,1330.6035995483398,5.19108772277832
s,32,142187,4550000,8,35.16264259815216,5056177,0.6935596466064453,1588.1376266479492,1330.6035995483398,1.0101795196533203
s,32,142187,4550000,9,32.71165490150452,5056177,0.7152557373046875,1588.1376266479492,1330.6035995483398,0.7131099700927734
