scaling,world,rows,max_value,rank,avg_t,tot_l,elapsed_t,max_t,com_init_t,barrier_t
s,64,71093,4550000,0,40.94839096069336,5058011,4.087686538696289,2620.697021484375,6580.789566040039,10.748624801635742
s,64,71093,4550000,1,27.424931526184082,5058011,1.4963150024414062,2620.697021484375,6580.789566040039,3.192901611328125
s,64,71093,4550000,2,25.13960748910904,5058011,0.8318424224853516,2620.697021484375,6580.789566040039,2.941608428955078
s,64,71093,4550000,3,25.94873681664467,5058011,0.7746219635009766,2620.697021484375,6580.789566040039,0.9822845458984375
s,64,71093,4550000,4,22.60759100317955,5058011,0.8008480072021484,2620.697021484375,6580.789566040039,1.196146011352539
s,64,71093,4550000,5,22.401027381420135,5058011,0.7903575897216797,2620.697021484375,6580.789566040039,0.8625984191894531
s,64,71093,4550000,6,22.56668731570244,5058011,0.7548332214355469,2620.697021484375,6580.789566040039,1.0592937469482422
s,64,71093,4550000,7,22.528670728206635,5058011,0.7390975952148438,2620.697021484375,6580.789566040039,0.6258487701416016
s,64,71093,4550000,8,22.421594709157944,5058011,0.698089599609375,2620.697021484375,6580.789566040039,0.9229183197021484
s,64,71093,4550000,9,22.14980125427246,5058011,0.7345676422119141,2620.697021484375,6580.789566040039,0.7069110870361328
