scaling,world,rows,max_value,rank,avg_t,tot_l,elapsed_t,max_t,com_init_t,barrier_t
s,64,71093,4550000,0,38.68571296334267,5058011,3.9353370666503906,2475.8856296539307,2548.3245849609375,8.871316909790039
s,64,71093,4550000,1,25.631133466959,5058011,0.7731914520263672,2475.8856296539307,2548.3245849609375,2.933979034423828
s,64,71093,4550000,2,28.36313471198082,5058011,0.8661746978759766,2475.8856296539307,2548.3245849609375,3.4377574920654297
s,64,71093,4550000,3,27.584444731473923,5058011,0.8549690246582031,2475.8856296539307,2548.3245849609375,2.994537353515625
s,64,71093,4550000,4,26.385661214590073,5058011,1.2178421020507812,2475.8856296539307,2548.3245849609375,2.479076385498047
s,64,71093,4550000,5,27.55141258239746,5058011,0.7939338684082031,2475.8856296539307,2548.3245849609375,2.989530563354492
s,64,71093,4550000,6,27.317378669977188,5058011,2.2208690643310547,2475.8856296539307,2548.3245849609375,3.1270980834960938
s,64,71093,4550000,7,27.481134980916977,5058011,0.7424354553222656,2475.8856296539307,2548.3245849609375,3.367900848388672
s,64,71093,4550000,8,23.438729345798492,5058011,0.6847381591796875,2475.8856296539307,2548.3245849609375,0.8409023284912109
s,64,71093,4550000,9,24.911686778068542,5058011,0.7798671722412109,2475.8856296539307,2548.3245849609375,3.303050994873047
