scaling,world,rows,max_value,rank,avg_t,tot_l,elapsed_t,max_t,com_init_t,barrier_t
s,32,142187,4550000,0,59.09126251935959,5056177,4.657268524169922,1890.9204006195068,1209.9003791809082,10.463953018188477
s,32,142187,4550000,1,34.390248358249664,5056177,0.6935596466064453,1890.9204006195068,1209.9003791809082,0.9121894836425781
s,32,142187,4550000,2,33.43125432729721,5056177,0.6515979766845703,1890.9204006195068,1209.9003791809082,1.0485649108886719
s,32,142187,4550000,3,34.4545915722847,5056177,0.7090568542480469,1890.9204006195068,1209.9003791809082,2.6094913482666016
s,32,142187,4550000,4,39.35074061155319,5056177,0.7522106170654297,1890.9204006195068,1209.9003791809082,1.4319419860839844
s,32,142187,4550000,5,38.8258695602417,5056177,0.9200572967529297,1890.9204006195068,1209.9003791809082,4.734277725219727
s,32,142187,4550000,6,42.77309775352478,5056177,0.6830692291259766,1890.9204006195068,1209.9003791809082,4.058599472045898
s,32,142187,4550000,7,37.56442666053772,5056177,0.6871223449707031,1890.9204006195068,1209.9003791809082,3.157377243041992
s,32,142187,4550000,8,33.93621742725372,5056177,0.7646083831787109,1890.9204006195068,1209.9003791809082,1.3060569763183594
s,32,142187,4550000,9,32.73678570985794,5056177,0.7264614105224609,1890.9204006195068,1209.9003791809082,0.9546279907226562
