scaling,world,rows,max_value,rank,avg_t,tot_l,elapsed_t,max_t,com_init_t,barrier_t
s,32,142187,4550000,0,50.543032586574554,5056177,3.8573741912841797,1617.3770427703857,1380.537986755371,10.905027389526367
s,32,142187,4550000,1,34.84528511762619,5056177,1.199960708618164,1617.3770427703857,1380.537986755371,2.0477771759033203
s,32,142187,4550000,2,39.635203778743744,5056177,0.8356571197509766,1617.3770427703857,1380.537986755371,6.581783294677734
s,32,142187,4550000,3,42.498327791690826,5056177,2.6006698608398438,1617.3770427703857,1380.537986755371,5.6324005126953125
s,32,142187,4550000,4,41.41577333211899,5056177,0.7517337799072266,1617.3770427703857,1380.537986755371,6.800413131713867
s,32,142187,4550000,5,41.91838204860687,5056177,0.7312297821044922,1617.3770427703857,1380.537986755371,3.9491653442382812
s,32,142187,4550000,6,39.9383082985878,5056177,0.7803440093994141,1617.3770427703857,1380.537986755371,4.35638427734375
s,32,142187,4550000,7,35.55670380592346,5056177,0.7841587066650391,1617.3770427703857,1380.537986755371,1.3566017150878906
s,32,142187,4550000,8,33.61702710390091,5056177,1.430511474609375,1617.3770427703857,1380.537986755371,1.9702911376953125
s,32,142187,4550000,9,34.35683995485306,5056177,0.7941722869873047,1617.3770427703857,1380.537986755371,2.7227401733398438
