scaling,world,rows,max_value,rank,avg_t,tot_l,elapsed_t,max_t,com_init_t,barrier_t
s,64,71093,4550000,0,95.23932635784149,5058011,5.397796630859375,6095.3168869018555,7833.096981048584,12.742042541503906
s,64,71093,4550000,1,27.618952095508575,5058011,0.7390975952148438,6095.3168869018555,7833.096981048584,2.503633499145508
s,64,71093,4550000,2,27.573563158512115,5058011,1.1181831359863281,6095.3168869018555,7833.096981048584,1.2025833129882812
s,64,71093,4550000,3,26.565175503492355,5058011,1.3120174407958984,6095.3168869018555,7833.096981048584,1.9390583038330078
s,64,71093,4550000,4,26.5493206679821,5058011,0.9043216705322266,6095.3168869018555,7833.096981048584,1.6434192657470703
s,64,71093,4550000,5,24.839691817760468,5058011,1.584768295288086,6095.3168869018555,7833.096981048584,1.499176025390625
s,64,71093,4550000,6,28.623569756746292,5058011,3.1075477600097656,6095.3168869018555,7833.096981048584,3.965139389038086
s,64,71093,4550000,7,27.53043919801712,5058011,1.1677742004394531,6095.3168869018555,7833.096981048584,1.2972354888916016
s,64,71093,4550000,8,25.749314576387405,5058011,0.6430149078369141,6095.3168869018555,7833.096981048584,1.1930465698242188
s,64,71093,4550000,9,25.344453752040863,5058011,1.1937618255615234,6095.3168869018555,7833.096981048584,1.3782978057861328
