scaling,world,rows,max_value,rank,avg_t,tot_l,elapsed_t,max_t,com_init_t,barrier_t
s,32,142187,4550000,0,50.02374202013016,5056177,4.103422164916992,1600.759744644165,1315.5152797698975,7.363319396972656
s,32,142187,4550000,1,34.90370512008667,5056177,1.1861324310302734,1600.759744644165,1315.5152797698975,1.9805431365966797
s,32,142187,4550000,2,34.33507680892944,5056177,0.6334781646728516,1600.759744644165,1315.5152797698975,2.366781234741211
s,32,142187,4550000,3,34.75305438041687,5056177,0.6670951843261719,1600.759744644165,1315.5152797698975,2.0101070404052734
s,32,142187,4550000,4,37.932127714157104,5056177,0.7512569427490234,1600.759744644165,1315.5152797698975,6.217479705810547
s,32,142187,4550000,5,44.0908744931221,5056177,2.3949146270751953,1600.759744644165,1315.5152797698975,3.3905506134033203
s,32,142187,4550000,6,39.991192519664764,5056177,0.9541511535644531,1600.759744644165,1315.5152797698975,4.349946975708008
s,32,142187,4550000,7,35.98447889089584,5056177,0.7193088531494141,1600.759744644165,1315.5152797698975,1.8115043640136719
s,32,142187,4550000,8,34.29718315601349,5056177,0.6556510925292969,1600.759744644165,1315.5152797698975,3.614187240600586
s,32,142187,4550000,9,34.332163631916046,5056177,1.2671947479248047,1600.759744644165,1315.5152797698975,3.245830535888672
