scaling,world,rows,max_value,rank,avg_t,tot_l,elapsed_t,max_t,com_init_t,barrier_t
s,64,71093,4550000,0,50.34603178501129,5058011,4.913330078125,3222.1460342407227,8677.408933639526,10.296821594238281
s,64,71093,4550000,1,24.2762453854084,5058011,0.7894039154052734,3222.1460342407227,8677.408933639526,0.9129047393798828
s,64,71093,4550000,2,24.406149983406067,5058011,0.8559226989746094,3222.1460342407227,8677.408933639526,1.1281967163085938
s,64,71093,4550000,3,24.395518004894257,5058011,0.7398128509521484,3222.1460342407227,8677.408933639526,1.8148422241210938
s,64,71093,4550000,4,26.29951387643814,5058011,0.8130073547363281,3222.1460342407227,8677.408933639526,1.9278526306152344
s,64,71093,4550000,5,26.150520890951157,5058011,0.774383544921875,3222.1460342407227,8677.408933639526,1.0709762573242188
s,64,71093,4550000,6,25.806713849306107,5058011,0.7386207580566406,3222.1460342407227,8677.408933639526,0.99945068359375
s,64,71093,4550000,7,30.0249345600605,5058011,0.7441043853759766,3222.1460342407227,8677.408933639526,5.180597305297852
s,64,71093,4550000,8,26.58224105834961,5058011,0.8404254913330078,3222.1460342407227,8677.408933639526,1.6586780548095703
s,64,71093,4550000,9,24.256963282823563,5058011,0.7522106170654297,3222.1460342407227,8677.408933639526,1.1827945709228516
