scaling,world,rows,max_value,rank,avg_t,tot_l,elapsed_t,max_t,com_init_t,barrier_t
s,64,71093,4550000,0,94.3930447101593,5058011,4.609107971191406,6041.154861450195,7686.618089675903,21.78645133972168
s,64,71093,4550000,1,29.09674122929573,5058011,0.81634521484375,6041.154861450195,7686.618089675903,2.5811195373535156
s,64,71093,4550000,2,26.683781296014786,5058011,0.8537769317626953,6041.154861450195,7686.618089675903,0.6973743438720703
s,64,71093,4550000,3,26.035185903310776,5058011,0.7851123809814453,6041.154861450195,7686.618089675903,0.9853839874267578
s,64,71093,4550000,4,26.27534791827202,5058011,0.8382797241210938,6041.154861450195,7686.618089675903,0.8745193481445312
s,64,71093,4550000,5,26.080116629600525,5058011,0.8280277252197266,6041.154861450195,7686.618089675903,0.9927749633789062
s,64,71093,4550000,6,23.463483899831772,5058011,0.8482933044433594,6041.154861450195,7686.618089675903,0.7755756378173828
s,64,71093,4550000,7,23.34599196910858,5058011,0.7722377777099609,6041.154861450195,7686.618089675903,0.4661083221435547
s,64,71093,4550000,8,26.07705071568489,5058011,0.7448196411132812,6041.154861450195,7686.618089675903,0.8933544158935547
s,64,71093,4550000,9,23.75802770256996,5058011,0.6997585296630859,6041.154861450195,7686.618089675903,0.6709098815917969
