scaling,world,rows,max_value,rank,avg_t,tot_l,elapsed_t,max_t,com_init_t,barrier_t
s,32,142187,4550000,0,50.56917667388916,5056177,3.766298294067383,1618.2136535644531,1400.6264209747314,2.898693084716797
s,32,142187,4550000,1,34.480974078178406,5056177,0.5793571472167969,1618.2136535644531,1400.6264209747314,1.234292984008789
s,32,142187,4550000,2,36.26127541065216,5056177,0.7305145263671875,1618.2136535644531,1400.6264209747314,4.0988922119140625
s,32,142187,4550000,3,42.51802712678909,5056177,2.2232532501220703,1618.2136535644531,1400.6264209747314,5.65791130065918
s,32,142187,4550000,4,40.5270978808403,5056177,0.7719993591308594,1618.2136535644531,1400.6264209747314,1.7502307891845703
s,32,142187,4550000,5,37.769511342048645,5056177,2.703428268432617,1618.2136535644531,1400.6264209747314,4.184961318969727
s,32,142187,4550000,6,43.95740479230881,5056177,0.6515979766845703,1618.2136535644531,1400.6264209747314,6.003856658935547
s,32,142187,4550000,7,36.10951453447342,5056177,0.6392002105712891,1618.2136535644531,1400.6264209747314,1.1818408966064453
s,32,142187,4550000,8,32.64085203409195,5056177,0.6463527679443359,1618.2136535644531,1400.6264209747314,0.99945068359375
s,32,142187,4550000,9,33.239394426345825,5056177,0.6859302520751953,1618.2136535644531,1400.6264209747314,1.6171932220458984
