scaling,world,rows,max_value,rank,avg_t,tot_l,elapsed_t,max_t,com_init_t,barrier_t
s,64,71093,4550000,0,51.03382468223572,5058011,4.450321197509766,3266.164779663086,8625.10085105896,39.39414024353027
s,64,71093,4550000,1,25.26191622018814,5058011,0.7948875427246094,3266.164779663086,8625.10085105896,1.7900466918945312
s,64,71093,4550000,2,24.57917109131813,5058011,1.238107681274414,3266.164779663086,8625.10085105896,1.1696815490722656
s,64,71093,4550000,3,26.737045496702194,5058011,1.031637191772461,3266.164779663086,8625.10085105896,2.103090286254883
s,64,71093,4550000,4,25.61751753091812,5058011,1.0209083557128906,3266.164779663086,8625.10085105896,1.210927963256836
s,64,71093,4550000,5,29.368601739406586,5058011,0.7145404815673828,3266.164779663086,8625.10085105896,4.548311233520508
s,64,71093,4550000,6,27.538985013961792,5058011,0.8938312530517578,3266.164779663086,8625.10085105896,1.4476776123046875
s,64,71093,4550000,7,26.437535881996155,5058011,0.8044242858886719,3266.164779663086,8625.10085105896,1.3744831085205078
s,64,71093,4550000,8,24.54337105154991,5058011,0.8165836334228516,3266.164779663086,8625.10085105896,1.6226768493652344
s,64,71093,4550000,9,24.594824761152267,5058011,1.645803451538086,3266.164779663086,8625.10085105896,1.2276172637939453
